0.02 1.0567
0.03 1.1782
0.04 0.99797
0.1 1.4113
0.13 1.5464
0.15 1.0168
0.16 1.209
0.19 1.2238
0.22 1.0855
0.25 1.5324
0.34 0.84162
0.39 0.75396
0.41 0.98001
0.48 1.8216
0.49 0.73155
0.53 0.51502
0.56 0.74778
0.61 1.336
0.62 0.72959
0.64 1.1988
0.66 1.0651
0.67 1.0665
0.68 1.3501
0.7 0.8517
0.71 0.61923
0.72 0.59615
0.73 0.80624
0.75 1.1372
0.81 1.089
0.82 1.1139
0.89 1.6421
0.9 1.5093
0.91 1.751
0.92 1.6072
0.96 1.8401
0.97 1.7374
1.05 2.219
1.08 2.0081
1.09 1.9995
1.11 2.7241
1.12 2.6368
1.13 2.4459
1.15 3.1731
1.16 1.9425
1.18 2.4976
1.2 2.649
1.23 2.8726
1.24 2.8266
1.25 3.2221
1.27 2.7966
1.28 3.6113
1.3 3.5297
1.34 3.7533
1.36 3.5148
1.37 2.8631
1.39 3.3054
1.4 3.2378
1.42 4.0606
1.43 3.2551
1.45 4.1211
1.46 3.6566
1.47 3.5884
1.53 4.0225
1.58 4.2102
1.59 3.7634
1.6 4.1311
1.66 3.0597
1.68 3.6976
1.69 3.665
1.71 4.1226
1.72 3.5452
1.73 3.536
1.75 3.4958
1.81 3.1575
1.84 3.7465
1.85 3.4998
1.87 3.7555
1.91 3.1586
1.92 3.3532
1.95 3.4418
1.97 3.6117
2.02 2.3903
2.05 3.4241
2.07 1.5689
2.13 1.9754
2.15 2.3588
2.16 2.3708
2.19 1.5112
2.2 2.2989
2.23 0.92845
2.25 1.6753
2.31 1.1114
2.32 2.2054
2.33 0.93147
2.36 1.6633
2.37 1.5108
2.39 1.333
2.47 0.80213
2.48 0.93256
2.56 0.64629
2.57 1.1715
2.58 1.126
2.62 1.1879
2.68 1.248
2.71 1.8858
2.73 1.7521
2.75 1.4304
2.76 1.272
2.77 2.2591
2.86 2.1427
2.87 2.3135
2.89 2.0538
2.95 2.0971
2.96 1.7123
3.03 1.9092
3.04 2.1877
3.08 1.6491
3.09 1.391
3.1 1.8971
3.18 1.2471
3.2 1.7807
3.21 1.5768
3.22 0.86277
3.24 1.0264
3.25 0.70318
3.26 0.77748
3.28 0.88471
3.29 0.81465
3.31 0.40297
3.33 0.077047
3.39 0.86135
3.43 0.15978
3.45 -0.33808
3.55 -0.96834
3.58 -1.8375
3.6 -1.707
3.62 -1.2635
3.63 -1.3332
3.64 -1.2737
3.65 -2.2177
3.66 -1.6971
3.68 -1.9811
3.75 -2.5705
3.77 -1.9667
3.78 -3.2158
3.79 -3.0528
3.81 -2.8413
3.82 -3.5813
3.83 -2.9654
3.85 -3.8589
3.9 -4.0165
3.92 -3.3604
3.93 -4.0168
3.96 -4.2539
3.97 -3.569
4.04 -4.0781
4.06 -4.0446
4.07 -3.9929
4.09 -3.8897
4.11 -4.3752
4.13 -4.2946
4.16 -4.8029
4.17 -4.2957
4.2 -5.136
4.24 -5.2172
4.25 -4.9939
4.26 -4.6032
4.28 -5.4891
4.32 -4.9275
4.33 -4.9454
4.35 -4.9167
4.43 -4.3587
4.44 -5.3881
4.45 -5.2667
4.47 -5.1807
4.48 -5.5471
4.5 -5.5523
4.53 -5.3161
4.55 -5.5144
4.56 -5.3601
4.57 -6.1889
4.62 -5.3753
4.64 -5.8336
4.67 -5.7124
4.68 -5.6065
4.7 -6.5191
4.72 -6.7225
4.74 -6.5247
4.75 -6.7817
4.79 -6.986
4.81 -6.9533
4.83 -7.2612
4.84 -7.6857
4.85 -7.7314
4.87 -7.2656
4.89 -7.6135
4.91 -8.0641
4.92 -8.2012
4.96 -8.0467
4.99 -8.1442
