-0.996 -0.217 -1.4182
-0.995 0.546 -2.3002
-0.994 -0.664 -2.8251
-0.991 0.294 -1.6733
-0.99 -0.52 -2.5264
-0.985 0.111 -1.7136
-0.984 -0.589 -2.654
-0.983 0.057 -1.6603
-0.983 0.427 -2.1575
-0.982 0.013 -1.4765
-0.98 -0.302 -1.9497
-0.97 0.546 -2.5794
-0.97 0.817 -3.7112
-0.966 0.078 -2.1532
-0.966 0.893 -4.156
-0.965 0.64 -3.3778
-0.964 -0.956 -4.5723
-0.962 0.009 -2.0982
-0.956 0.088 -2.2394
-0.952 -0.597 -3.1091
-0.952 0.721 -3.682
-0.946 -0.848 -4.3322
-0.946 -0.307 -2.5876
-0.935 0.156 -2.6817
-0.934 -0.664 -3.7958
-0.934 0.813 -4.3681
-0.931 0.955 -5.293
-0.929 0.045 -2.793
-0.929 0.046 -2.567
-0.927 0.636 -3.5895
-0.924 -0.107 -2.7122
-0.924 0.3 -2.9582
-0.923 -0.431 -3.2311
-0.922 0.945 -5.7008
-0.921 -0.21 -3.1978
-0.92 0.745 -4.5468
-0.919 -0.205 -2.9113
-0.916 -0.571 -4.228
-0.915 -0.428 -3.6546
-0.915 0.779 -4.4035
-0.914 0.774 -4.399
-0.914 0.793 -4.2285
-0.908 0.348 -3.5582
-0.907 -0.313 -3.1056
-0.902 0.185 -3.4498
-0.902 0.674 -4.1951
-0.901 -0.249 -3.1179
-0.898 -0.565 -4.2527
-0.898 -0.141 -3.0666
-0.896 0.794 -4.5489
-0.895 -0.642 -4.407
-0.894 -0.593 -4.1074
-0.892 0.231 -3.5225
-0.892 0.851 -4.9427
-0.89 -0.351 -3.8412
-0.886 -0.284 -3.6983
-0.882 -0.481 -3.8448
-0.882 -0.272 -3.9139
-0.882 0.537 -4.2803
-0.878 0.221 -3.3818
-0.878 0.439 -3.9781
-0.877 -0.213 -3.6911
-0.876 0.957 -5.7482
-0.875 -0.838 -5.4135
-0.873 0.505 -4.4893
-0.869 0.762 -5.2068
-0.868 0.649 -4.6323
-0.868 0.69 -5.107
-0.867 0.717 -4.5569
-0.867 0.981 -5.7002
-0.866 -0.421 -4.2599
-0.863 -0.827 -5.871
-0.855 -0.018 -3.9084
-0.853 -0.656 -5.1453
-0.852 0.007 -3.9326
-0.85 -0.782 -5.4092
-0.842 0.498 -4.6102
-0.84 0.24 -4.118
-0.835 -0.303 -4.082
-0.835 0.008 -4.0603
-0.834 0.507 -4.5608
-0.831 0.044 -3.7698
-0.829 -0.739 -5.4625
-0.829 0.4 -4.4944
-0.829 0.545 -4.8086
-0.828 0.402 -4.7215
-0.826 0.286 -4.0363
-0.821 0.876 -5.9621
-0.819 -0.463 -4.446
-0.818 -0.629 -4.8824
-0.818 -0.288 -4.5106
-0.812 0.879 -5.9467
-0.811 -0.09 -4.0713
-0.808 -0.245 -4.417
-0.806 -0.834 -6.1891
-0.806 0.638 -5.1878
-0.8 -0.62 -4.9697
-0.8 0.762 -5.33
-0.799 -0.711 -4.9527
-0.799 -0.184 -4.106
-0.788 -0.978 -6.3129
-0.786 -0.402 -4.5193
-0.786 -0.079 -4.4101
-0.784 0.746 -5.4047
-0.782 -0.607 -5.066
-0.779 0.456 -5.0144
-0.778 -0.327 -4.4998
-0.778 -0.05 -4.2395
-0.776 -0.944 -6.3469
-0.776 0.543 -5.2617
-0.774 0.619 -5.0891
-0.772 -0.229 -4.124
-0.771 -0.312 -4.4386
-0.77 -0.047 -3.7053
-0.77 0.413 -4.8691
-0.769 -0.665 -4.8298
-0.769 0.809 -5.7556
-0.766 -0.203 -4.0883
-0.765 -0.376 -4.2
-0.759 -0.282 -4.1163
-0.759 0.908 -5.6803
-0.754 0.642 -5.0167
-0.753 -0.698 -4.7743
-0.751 -0.694 -4.5966
-0.749 0.537 -4.3548
-0.747 -0.612 -4.7404
-0.747 -0.287 -4.3109
-0.747 -0.021 -3.8528
-0.747 0.631 -4.5477
-0.744 -0.574 -4.2451
-0.739 0.562 -4.5849
-0.738 -0.516 -4.3669
-0.733 0.01 -4.0856
-0.731 -0.336 -3.9902
-0.73 -0.075 -3.6312
-0.73 0.588 -4.4859
-0.727 -0.754 -5.0349
-0.726 -0.237 -3.6386
-0.72 0.587 -4.1489
-0.718 0.096 -3.2687
-0.716 -0.301 -3.7976
-0.716 0.275 -3.5977
-0.713 -0.282 -3.5096
-0.713 -0.092 -3.3493
-0.713 0.149 -3.8304
-0.713 0.645 -4.4228
-0.709 -0.889 -5.0083
-0.708 -0.527 -3.9283
-0.708 0.435 -3.7864
-0.707 0.952 -5.3806
-0.706 -0.013 -3.0318
-0.705 0.548 -3.7265
-0.701 0.615 -3.8202
-0.696 0.85 -4.7421
-0.696 0.873 -4.0791
-0.694 -0.388 -3.1786
-0.694 0.779 -3.8837
-0.694 0.807 -4.8638
-0.691 -0.286 -3.0172
-0.69 0.155 -3.1901
-0.688 -0.494 -3.3799
-0.687 -0.424 -3.4164
-0.687 0.151 -2.7023
-0.687 0.951 -5.0528
-0.687 0.957 -4.4086
-0.682 -0.051 -2.6875
-0.677 -0.199 -2.9898
-0.673 0.549 -3.2332
-0.672 -0.3 -2.8119
-0.671 -0.224 -2.6839
-0.667 0.257 -2.9368
-0.664 -0.454 -2.7395
-0.664 -0.065 -2.285
-0.656 -0.539 -2.6716
-0.653 0.242 -1.9466
-0.651 0.153 -1.8029
-0.651 0.284 -2.1515
-0.65 -0.653 -3.0923
-0.649 0.766 -3.3393
-0.647 -0.518 -2.4374
-0.646 -0.189 -2.1666
-0.644 -0.698 -2.2393
-0.643 -0.678 -2.7654
-0.642 -0.651 -2.794
-0.642 0.329 -2.2304
-0.636 0.568 -2.1381
-0.634 0.981 -3.8636
-0.633 -0.608 -2.3307
-0.633 -0.466 -2.14
-0.633 -0.279 -1.9417
-0.631 0.381 -1.9323
-0.63 0.329 -1.7348
-0.626 -0.057 -1.2846
-0.626 0.149 -1.6163
-0.625 -0.781 -2.5401
-0.625 0.712 -2.2677
-0.622 0.031 -1.5213
-0.622 0.702 -2.24
-0.621 -0.779 -2.3102
-0.619 -0.124 -1.2122
-0.618 -0.908 -2.3307
-0.617 -0.875 -2.5905
-0.617 -0.117 -1.2882
-0.614 -0.943 -2.8722
-0.611 0.371 -1.39
-0.604 0.776 -2.1249
-0.603 0.227 -1.035
-0.6 -0.701 -1.7514
-0.6 0.737 -1.6125
-0.599 -0.138 -0.5959
-0.599 0.627 -1.4837
-0.591 0.79 -1.6138
-0.589 -0.108 -0.53708
-0.586 -0.62 -1.0829
-0.585 -0.705 -1.4219
-0.581 0.083 -0.37543
-0.578 -0.532 -0.65911
-0.578 0.458 -0.84444
-0.576 0.473 -0.56816
-0.572 -0.075 -0.4587
-0.571 0.171 0.028365
-0.57 -0.703 -1.2671
-0.569 -0.798 -1.0865
-0.566 -0.138 -0.317
-0.563 0.834 -1.3324
-0.562 -0.476 -0.58513
-0.56 0.491 -0.46368
-0.554 -0.161 0.048935
-0.552 -0.87 -0.52422
-0.549 -0.97 -1.8984
-0.549 -0.609 -0.19117
-0.547 -0.283 0.39138
-0.544 0.09 0.48487
-0.543 0.395 0.1928
-0.536 -0.163 0.33385
-0.535 -0.769 0.18191
-0.535 0.832 -0.60689
-0.534 -0.912 -0.89379
-0.534 -0.101 0.78215
-0.531 -0.192 0.24361
-0.527 -0.192 0.5797
-0.526 0.072 0.65122
-0.523 -0.942 -0.42438
-0.521 0.533 0.42568
-0.52 -0.433 0.098761
-0.516 -0.549 0.43731
-0.514 -0.369 0.11428
-0.508 -0.464 0.60215
-0.507 0.762 -0.014437
-0.506 -0.618 0.62125
-0.506 0.247 1.1251
-0.505 0.938 -0.81765
-0.503 0.899 -0.34068
-0.502 0.049 1.3176
-0.502 0.724 0.25084
-0.5 0.276 0.97976
-0.493 0.251 0.83789
-0.489 -0.968 -0.4573
-0.483 -0.974 -0.38234
-0.482 0.622 0.9074
-0.48 0.064 1.1162
-0.479 0.088 1.1553
-0.477 0.703 0.65605
-0.476 -0.861 0.37373
-0.474 0.384 1.0694
-0.474 0.671 0.74797
-0.473 -0.946 -0.054989
-0.472 -0.725 0.87191
-0.472 -0.285 1.3381
-0.467 -0.732 0.72586
-0.467 -0.374 1.0768
-0.462 -0.438 1.0322
-0.459 0.549 0.9088
-0.457 0.586 1.1574
-0.457 0.652 0.57313
-0.455 0.519 0.86297
-0.452 0.784 0.071312
-0.451 -0.806 0.37787
-0.449 0.889 -0.060396
-0.448 -0.895 0.67845
-0.448 0.584 0.57454
-0.447 -0.79 0.58869
-0.447 1 0.5031
-0.445 0.571 1.2984
-0.441 -0.593 0.85389
-0.439 0.505 0.53863
-0.435 0.71 0.57297
-0.428 -0.829 0.90064
-0.427 -0.527 1.1477
-0.425 -0.489 1.2373
-0.422 0.082 1.3356
-0.421 0.725 0.63087
-0.417 -0.901 0.076082
-0.416 0.529 0.73895
-0.414 -0.504 1.037
-0.412 -0.356 1.0768
-0.41 -0.445 0.98166
-0.41 0.682 0.65379
-0.409 -0.588 1.0768
-0.408 0.401 1.0168
-0.406 -0.141 1.3463
-0.403 0.227 1.1436
-0.398 -0.466 0.91994
-0.396 -0.637 0.75102
-0.392 0.828 0.49507
-0.39 -0.957 -0.4191
-0.389 0.817 -0.015283
-0.389 0.95 -0.14993
-0.388 -0.838 -0.14837
-0.388 0.762 0.31414
-0.385 0.564 0.61096
-0.382 -0.845 0.15988
-0.382 0.095 1.1063
-0.377 -0.521 0.63865
-0.377 -0.149 0.435
-0.375 -0.706 0.41543
-0.374 -0.819 0.080142
-0.368 0.514 0.30017
-0.365 -0.12 0.72208
-0.365 0.686 0.32739
-0.363 0.952 -0.84705
-0.361 -0.876 0.22061
-0.358 0.074 0.35231
-0.358 0.418 0.57808
-0.355 -0.21 0.61643
-0.354 -0.64 0.14489
-0.348 -0.713 0.098914
-0.347 0.225 0.27742
-0.343 0.249 0.44945
-0.342 0.663 -0.45242
-0.341 0.199 0.29882
-0.34 -0.181 0.30715
-0.334 -0.247 0.31238
-0.332 -0.188 0.37969
-0.331 -0.551 0.037633
-0.328 0.099 0.23699
-0.328 0.284 0.076446
-0.327 0.852 -0.088058
-0.325 -0.844 -0.56164
-0.324 0.985 -0.38339
-0.321 -0.403 -0.23986
-0.319 0.961 -0.65801
-0.318 0.872 -0.13193
-0.317 0.277 -0.060821
-0.311 -0.081 -0.057347
-0.311 0.814 -0.62989
-0.31 -0.814 -0.62802
-0.305 0.439 -0.56409
-0.304 -0.461 -0.74634
-0.303 -0.634 -0.67613
-0.299 0.261 -0.13941
-0.299 0.369 -0.14202
-0.298 -0.817 -1.4014
-0.297 -0.582 -0.28681
-0.296 0.601 -0.79368
-0.294 -0.416 -0.13228
-0.292 0.434 -0.19351
-0.288 -0.723 -0.80781
-0.287 -0.831 -0.763
-0.281 0.283 -0.59418
-0.277 0.7 -1.0362
-0.276 0.302 -0.65806
-0.275 -0.541 -0.86703
-0.274 0.46 -0.53388
-0.274 0.766 -1.7518
-0.273 0.798 -1.1104
-0.27 0.108 -0.39878
-0.269 -0.955 -1.3218
-0.269 0.262 -0.44419
-0.268 -0.116 -0.75493
-0.267 -0.068 -0.73419
-0.265 0.301 -0.55646
-0.256 -0.811 -0.80994
-0.256 0.463 -0.91795
-0.253 -0.293 -0.96669
-0.25 -0.503 -0.926
-0.248 0.665 -1.0284
-0.245 -0.059 -1.069
-0.243 -0.516 -1.2781
-0.237 0.389 -0.71635
-0.236 0.195 -0.90851
-0.229 0.068 -1.0014
-0.228 -0.61 -1.7443
-0.228 0.806 -1.3071
-0.222 0.714 -1.4021
-0.221 -0.563 -1.3361
-0.22 -0.745 -1.0602
-0.215 -0.736 -2.0868
-0.213 0.62 -1.0897
-0.211 -0.401 -1.2381
-0.211 0.225 -1.2241
-0.21 0.007 -1.0675
-0.209 0.478 -1.0843
-0.208 0.808 -1.4267
-0.207 -0.672 -1.5736
-0.207 -0.421 -1.4008
-0.204 -0.359 -1.2645
-0.203 -0.631 -1.4505
-0.202 -0.819 -1.5189
-0.201 0.736 -1.6905
-0.198 -0.273 -1.4542
-0.197 0.223 -1.6871
-0.191 -0.388 -1.7128
-0.187 -0.031 -1.2234
-0.186 -0.7 -1.775
-0.186 0.098 -1.047
-0.186 0.341 -1.4791
-0.183 -0.58 -1.5097
-0.183 0.797 -2.2231
-0.181 0.888 -1.689
-0.179 -0.861 -2.3072
-0.179 -0.632 -1.1296
-0.178 0.209 -1.39
-0.175 0.919 -1.7871
-0.172 -0.974 -1.8971
-0.17 -0.305 -1.6594
-0.17 0.504 -1.3591
-0.167 -0.575 -1.9386
-0.164 0.339 -1.3251
-0.163 -0.703 -1.6461
-0.161 0.525 -1.5042
-0.16 0.55 -1.2459
-0.156 0.398 -1.4314
-0.151 0.177 -1.2671
-0.149 -0.56 -1.278
-0.148 0.917 -1.246
-0.147 0.752 -1.3516
-0.146 -0.353 -1.2455
-0.142 -0.647 -1.342
-0.142 0.505 -1.4633
-0.138 0.005 -0.73927
-0.137 0.719 -1.0784
-0.132 0.569 -1.1978
-0.131 -0.22 -0.91305
-0.13 -0.265 -1.1371
-0.127 -0.698 -1.0158
-0.125 0.67 -1.0505
-0.116 -0.778 -1.3825
-0.113 -0.782 -1.0853
-0.111 0.932 -1.1668
-0.109 0.751 -1.0652
-0.109 0.895 -1.1122
-0.098 0.015 -0.71096
-0.096 -0.88 -1.3153
-0.095 0.147 -0.65094
-0.091 -0.396 -0.84971
-0.09 -0.531 -0.74097
-0.09 0.265 -0.63579
-0.09 0.474 -0.68748
-0.086 -0.348 -0.72876
-0.085 0.896 -1.0674
-0.083 0.921 -0.36758
-0.082 0.71 -0.49409
-0.081 -0.901 -0.58721
-0.081 -0.062 -0.65731
-0.073 0.611 -0.44519
-0.072 -0.825 -0.28306
-0.069 -0.489 -0.2965
-0.069 0.695 -0.74092
-0.067 -0.79 -0.33783
-0.066 -0.154 -0.30009
-0.066 -0.123 -0.29567
-0.065 -0.044 -0.21203
-0.064 0.561 -0.60588
-0.063 -0.972 -0.4496
-0.063 0.766 0.088662
-0.061 -0.035 -0.27943
-0.06 -0.987 -0.064516
-0.059 0.018 -0.23794
-0.058 -0.525 -0.31927
-0.058 0.103 -0.46491
-0.057 0.602 -0.24739
-0.057 0.642 -0.014289
-0.056 -0.825 -0.59418
-0.056 0.159 -0.3869
-0.053 -0.302 -0.045734
-0.05 -0.987 -0.50273
-0.049 -0.666 -0.011058
-0.048 -0.107 0.0084091
-0.047 -0.473 0.048163
-0.045 -0.069 -0.018161
-0.04 0.746 -0.097202
-0.037 -0.036 0.098826
-0.036 -0.645 0.20305
-0.035 -0.655 0.17367
-0.033 0.594 0.055039
-0.033 0.869 0.28397
-0.029 -0.878 0.50476
-0.029 -0.282 0.25011
-0.029 0.269 0.036078
-0.028 0.956 0.8868
-0.025 0.438 0.73076
-0.022 -0.843 0.72514
-0.022 -0.138 0.32118
-0.02 -0.245 0.63382
-0.017 0.365 0.61664
-0.014 0.938 0.43002
-0.009 -0.95 1.1925
-0.001 -0.344 1.2011
0 -0.493 0.68163
0.002 -0.659 0.95035
0.007 -0.598 1.0373
0.008 -0.276 1.172
0.011 0.27 1.6409
0.013 0.119 0.88415
0.02 -0.791 1.2516
0.02 0.144 1.538
0.021 -0.825 1.9411
0.025 -0.073 1.6872
0.026 0.467 1.2159
0.028 -0.762 1.638
0.03 -0.206 1.9712
0.034 -0.541 1.54
0.037 -0.839 1.7926
0.037 0.905 1.7581
0.038 -0.746 1.3411
0.038 0.859 1.9873
0.04 -0.287 1.5623
0.041 0.603 1.8354
0.042 -0.416 1.741
0.042 -0.139 1.4734
0.042 0.577 2.0494
0.043 0.559 2.3296
0.044 0.003 1.9203
0.045 -0.018 2.067
0.046 -0.097 1.8435
0.05 0.867 2.5351
0.054 -0.969 2.2896
0.056 -0.396 1.9625
0.057 -0.925 2.3289
0.058 0.603 2.3112
0.064 0.31 2.7257
0.068 0.352 2.0066
0.069 -0.458 2.3536
0.071 -0.024 2.0127
0.072 0.483 2.4391
0.074 0.718 2.5908
0.085 0.477 2.5538
0.086 -0.322 2.3187
0.087 -0.839 2.7762
0.09 0.04 2.9723
0.094 0.035 2.57
0.097 0.256 2.8287
0.102 -0.002 2.4508
0.103 -0.434 2.8806
0.103 0.823 3.0764
0.106 0.104 2.9172
0.108 -0.882 2.8646
0.11 -0.336 2.8618
0.11 0.427 2.9362
0.11 0.792 3.2273
0.111 0.908 2.9369
0.114 0.627 3.1468
0.118 -0.483 3.1906
0.118 -0.104 3.2495
0.12 0.613 3.1478
0.123 0.664 2.9699
0.134 -0.303 2.9588
0.134 0.196 3.0105
0.136 0.201 2.9754
0.137 -0.065 3.089
0.137 0.225 2.9718
0.14 0.406 2.9179
0.141 0.826 3.1269
0.143 0.848 3.0201
0.145 -0.307 3.1302
0.146 0.448 2.9601
0.147 -0.996 4.0462
0.149 -0.728 3.2055
0.151 -0.941 3.4781
0.151 0.764 3.1448
0.156 0.632 3.2124
0.157 -0.774 2.9362
0.159 -0.098 3.2001
0.16 -0.933 3.1171
0.163 -0.66 3.2222
0.165 0.56 3.1326
0.172 0.262 3.1306
0.176 -0.468 3.1314
0.176 0.128 3.1588
0.179 -0.729 3.5383
0.184 -0.156 2.8165
0.185 -0.939 2.9304
0.187 0.402 3.055
0.188 -0.141 2.945
0.193 0.099 3.0616
0.195 -0.9 3.3
0.195 0.333 3.0387
0.196 -0.861 3.2226
0.199 -0.439 2.7703
0.199 0.616 3.2076
0.203 -0.365 2.4941
0.206 -0.706 2.8078
0.206 0.891 3.1197
0.207 -0.203 2.7759
0.21 -0.632 2.9666
0.213 0.861 2.6891
0.217 -0.614 2.729
0.218 -0.926 3.5819
0.218 0.669 2.6831
0.219 -0.809 2.9934
0.221 0.501 2.5224
0.222 -0.1 2.4586
0.224 0.16 2.4229
0.225 0.433 2.6592
0.227 -0.677 3.0019
0.227 0.025 2.7557
0.228 0.151 2.4427
0.229 0.19 2.3581
0.229 0.881 2.9284
0.23 0.965 3.1477
0.233 0.422 2.1692
0.236 0.547 2.688
0.237 -0.058 2.4026
0.241 0.549 2.4398
0.244 -0.041 2.271
0.245 0.73 2.4678
0.249 0.465 2.1235
0.252 -0.743 2.2833
0.254 -0.041 2.0393
0.257 -0.499 2.3965
0.258 0.314 2.0636
0.263 0.329 1.6278
0.264 -0.625 2.1659
0.265 0.232 1.6152
0.269 0.204 1.3969
0.269 0.282 1.4332
0.274 0.145 1.4817
0.274 0.468 1.5766
0.277 -0.433 1.6766
0.278 0.11 1.304
0.278 0.787 1.9819
0.28 0.466 1.5865
0.282 0.291 1.4237
0.283 -0.304 1.5284
0.283 -0.228 1.248
0.286 0.028 1.4317
0.287 0.534 1.5758
0.288 -0.472 1.4991
0.293 -0.493 1.54
0.296 0.676 1.5565
0.297 -0.658 1.3893
0.308 -0.764 1.0596
0.313 0.762 1.1149
0.314 0.205 0.80929
0.318 -0.409 0.50694
0.319 0.273 0.42218
0.327 0.997 1.4642
0.334 -0.475 0.3935
0.336 -0.492 0.18584
0.338 0.894 0.94586
0.339 0.382 0.26772
0.341 -0.957 0.69052
0.341 0.192 0.26753
0.341 0.224 0.35239
0.343 -0.567 0.54365
0.345 0.842 0.56833
0.346 -0.759 0.67938
0.349 -0.103 -0.12949
0.349 0.322 -0.19223
0.349 0.609 0.50383
0.35 -0.865 0.74685
0.352 -0.481 -0.42756
0.358 -0.871 0.6989
0.359 0.383 -0.18074
0.36 -0.691 0.13787
0.361 -0.582 0.0044855
0.363 0.553 -0.16946
0.366 -0.998 0.60422
0.369 -0.1 -0.37545
0.37 -0.221 -0.46841
0.37 0.348 -0.57617
0.376 0.669 -0.1019
0.378 -0.518 -0.56226
0.38 -0.102 -1.0706
0.38 0.387 -0.57657
0.381 0.609 -0.11763
0.384 0.686 -0.23675
0.385 -0.744 -0.15245
0.386 0.677 -0.55563
0.387 0.423 -0.46487
0.388 -0.234 -0.716
0.394 0.761 -0.62256
0.4 -0.092 -1.1298
0.403 0.713 -0.34894
0.403 0.805 -0.448
0.407 0.99 0.40384
0.408 -0.038 -1.1711
0.409 -0.024 -1.5098
0.414 -0.072 -0.91346
0.415 -0.405 -0.82082
0.418 -0.397 -1.1058
0.418 0.978 -0.19132
0.421 -0.128 -1.2624
0.421 0.15 -1.5624
0.424 0.077 -1.2897
0.424 0.209 -1.1443
0.425 -0.898 -0.92705
0.431 0.205 -1.1523
0.431 0.801 -0.74779
0.432 0.064 -1.5131
0.433 0.363 -1.4436
0.434 0.592 -0.87119
0.434 0.66 -0.65177
0.435 -0.59 -1.2478
0.436 0.723 -0.65696
0.436 0.765 -0.86616
0.438 0.303 -1.4383
0.439 0.235 -1.6822
0.441 0.022 -1.2554
0.441 0.501 -1.5591
0.442 0.709 -0.65607
0.443 -0.649 -1.2904
0.443 0.778 -0.67986
0.444 -0.919 -0.53389
0.447 -0.225 -1.8959
0.448 0.336 -2.1066
0.455 0.687 -1.3695
0.457 -0.807 -0.90754
0.459 -0.379 -1.5509
0.46 -0.864 -0.72435
0.461 -0.375 -1.3222
0.464 0.12 -1.883
0.466 -0.084 -1.7677
0.467 -0.792 -0.98784
0.469 0.936 -0.36318
0.474 -0.881 -0.5293
0.474 -0.738 -1.1511
0.476 -0.234 -1.981
0.481 -0.843 -0.74459
0.481 -0.319 -1.334
0.481 0.791 -0.85731
0.484 0.743 -0.79361
0.486 0.331 -1.7098
0.486 0.835 -0.76379
0.487 0.896 -0.52115
0.492 -0.587 -1.3751
0.493 0.888 -0.015711
0.497 -0.401 -1.8691
0.498 0.738 -1.0604
0.499 0.421 -1.6098
0.5 0.17 -1.9953
0.501 0.964 -0.23239
0.503 -0.734 -1.1533
0.504 0.805 -0.7843
0.506 0.59 -1.1499
0.508 -0.867 -0.85868
0.509 -0.327 -1.644
0.51 0.606 -0.99902
0.516 -0.547 -1.3687
0.516 -0.356 -1.564
0.516 0.792 -0.59622
0.52 0.847 -1.0043
0.521 -0.386 -1.6369
0.523 0.545 -1.1425
0.53 0.409 -1.1135
0.536 -0.623 -0.93694
0.541 -0.274 -1.4641
0.541 -0.161 -1.5529
0.544 0.012 -1.6386
0.547 -0.271 -1.3949
0.547 0.944 -0.081552
0.548 0.312 -1.8805
0.553 0.922 0.096918
0.556 -0.678 -0.51295
0.556 0.193 -1.4603
0.557 -0.881 -0.57978
0.559 0.541 -0.84686
0.565 0.682 -0.65526
0.566 0.524 -0.67951
0.567 0.504 -0.4881
0.571 0.09 -1.4453
0.573 0.731 -0.080694
0.575 -0.224 -0.97258
0.577 -0.108 -1.1575
0.579 0.992 0.51472
0.58 0.074 -1.4206
0.582 -0.481 -0.77209
0.584 -0.486 -0.81839
0.584 0.963 0.42762
0.589 -0.984 0.35869
0.591 -0.906 0.97612
0.592 -0.151 -0.84264
0.593 -0.885 0.75115
0.595 -0.524 -0.13941
0.596 -0.366 -1.0321
0.596 0.479 -0.43221
0.599 -0.178 -0.23811
0.599 0.696 0.23055
0.601 -0.765 0.014162
0.601 -0.649 -0.44835
0.601 0.87 0.7672
0.604 -0.452 0.020304
0.605 -0.875 0.96633
0.607 0.851 0.60648
0.607 0.894 1.11
0.609 0.627 0.36641
0.61 -0.982 1.364
0.61 -0.624 -0.48832
0.61 0.218 -0.74211
0.61 0.712 0.18466
0.612 -0.023 -0.44444
0.612 0.761 0.33071
0.614 -0.17 -0.49633
0.614 0.688 0.37677
0.616 0.86 0.6744
0.618 -0.124 -0.3355
0.618 0.714 0.43049
0.619 0.206 -0.7213
0.623 -0.151 -0.25982
0.624 0.852 1.0387
0.626 0.655 0.36748
0.627 -0.889 1.159
0.63 0.513 0.35863
0.634 -0.673 0.52268
0.634 0.988 1.3014
0.635 -0.671 0.3342
0.638 0.424 0.2199
0.645 -0.327 -0.33585
0.646 -0.91 1.3822
0.648 -0.622 0.62517
0.648 0.616 0.79266
0.651 -0.829 1.5742
0.655 -0.544 0.38407
0.662 -0.819 1.4542
0.662 0.29 0.54197
0.665 -0.367 0.7413
0.668 -0.972 2.249
0.668 0.447 0.94203
0.668 0.744 1.2627
0.673 -0.657 1.1174
0.676 0.49 1.14
0.677 -0.662 1.255
0.677 -0.401 0.91606
0.677 0.366 1.203
0.681 -0.216 0.62398
0.682 -0.747 1.5995
0.682 0.687 1.6855
0.687 0.008 0.77227
0.687 0.464 1.3315
0.691 -0.779 2.3063
0.691 -0.749 1.5107
0.691 -0.199 0.70387
0.695 0.217 0.87779
0.705 0.926 2.3466
0.707 -0.175 1.0617
0.713 0.547 1.5955
0.714 0.199 1.0406
0.715 0.763 2.1859
0.719 -0.946 2.5561
0.722 -0.544 1.4764
0.723 -0.264 1.2772
0.729 -0.139 0.97913
0.73 -0.037 0.87357
0.733 -0.056 1.4637
0.734 -0.647 1.8265
0.734 -0.24 1.3617
0.736 -0.644 2.1033
0.737 -0.878 2.6842
0.737 -0.601 2.1225
0.739 -0.962 3.7831
0.744 -0.508 2.1749
0.744 0.328 1.6982
0.744 0.637 1.9451
0.746 0.355 1.4422
0.749 -0.39 1.631
0.751 0.191 1.1239
0.751 0.354 1.3818
0.754 0.52 1.5539
0.758 -0.299 1.5479
0.762 0.928 3.3287
0.765 -0.543 1.8713
0.765 -0.35 1.2174
0.765 0.747 2.6606
0.766 0.994 3.045
0.768 -0.254 1.2118
0.77 0.896 2.6626
0.772 0.358 1.7232
0.776 -0.11 1.4602
0.776 0.442 1.6076
0.779 -0.778 2.8817
0.779 -0.329 1.7533
0.781 0.653 2.3943
0.785 0.621 2.0026
0.791 0.26 1.3888
0.796 -0.507 1.7839
0.797 -0.541 1.8852
0.8 -0.699 2.6971
0.805 0.722 2.5613
0.806 -0.28 1.1158
0.806 -0.12 1.5024
0.816 -0.82 2.8
0.816 0.201 1.4446
0.818 -0.935 3.0616
0.821 -0.724 2.4444
0.822 -0.014 0.96111
0.822 0.771 2.4506
0.823 0.774 2.4981
0.824 -0.487 1.5569
0.824 -0.076 1.0161
0.827 -0.852 2.7442
0.827 0.218 0.97383
0.829 0.663 2.3695
0.832 0.558 1.6955
0.833 -0.613 1.7865
0.841 0.06 1.2472
0.842 0.538 1.5942
0.842 0.736 2.6202
0.843 -0.61 1.5244
0.843 -0.341 1.4722
0.844 -0.552 1.7159
0.846 -0.255 1.2376
0.846 0.179 1.0949
0.846 0.229 1.0703
0.846 0.419 1.4106
0.847 -0.678 2.0699
0.847 0.241 1.5451
0.848 0.072 0.99284
0.85 -0.838 2.2811
0.853 -0.312 0.92589
0.855 0.002 0.56238
0.856 0.667 1.5793
0.856 0.855 2.8476
0.857 -0.951 2.9057
0.86 -0.286 0.65635
0.862 -0.812 2.3306
0.862 -0.662 1.6879
0.862 -0.214 1.0347
0.869 -0.366 1.135
0.87 0.273 0.60866
0.871 0.707 1.9052
0.873 0.252 1.1641
0.873 0.558 1.1103
0.88 0.341 0.58518
0.882 -0.883 2.0612
0.884 -0.611 1.3976
0.884 -0.428 1.0299
0.886 -0.766 2.0247
0.886 -0.367 0.56273
0.888 -0.642 1.6915
0.888 -0.636 1.5241
0.892 -0.58 1.1722
0.892 -0.131 0.20764
0.899 -0.008 -0.077253
0.899 0.625 0.90036
0.9 -0.962 2.191
0.902 -0.915 2.1697
0.902 0.215 0.24906
0.907 -0.235 0.084081
0.912 -0.599 0.68012
0.912 -0.068 -0.24092
0.914 0.676 0.85208
0.918 0.291 -0.29071
0.919 -0.64 0.72494
0.919 -0.431 0.29788
0.92 0.778 1.2606
0.923 -0.292 -0.33852
0.923 0.594 0.39697
0.923 0.761 1.1251
0.927 -0.452 0.28685
0.932 -0.653 0.88782
0.932 -0.584 0.51212
0.934 0.261 -0.40114
0.935 1 2.0952
0.936 -0.503 0.094335
0.937 -0.489 0.013156
0.937 0.721 0.60753
0.941 -0.894 1.4675
0.941 0.168 -0.91034
0.944 -0.714 0.8707
0.948 0.804 0.64839
0.95 -0.279 -1.0755
0.952 0.84 1.2633
0.953 -0.005 -1.3582
0.955 -0.345 -0.48895
0.957 -0.693 0.16466
0.957 0.251 -0.55903
0.96 0.07 -1.2222
0.96 0.549 -0.14837
0.962 -0.34 -0.67106
0.963 -0.461 -0.55374
0.963 0.508 -0.13014
0.971 0.705 -0.26682
0.975 -0.715 0.54224
0.975 -0.375 -0.96807
0.979 0.456 -1.2156
0.981 0.313 -1.0716
0.985 -0.076 -1.6907
0.986 0.271 -1.2514
0.988 -0.605 -0.37292
0.988 0.635 -0.24937
0.989 -0.014 -1.3807
0.991 -0.804 0.41275
0.991 0.641 -0.49262
0.994 -0.454 -1.2557
0.995 -0.286 -2.117
0.996 0.088 -1.9074
0.997 -0.279 -1.3938
0.998 0.352 -1.4485
0.999 -0.601 -0.98248
