711.59,1377.7,1
550.76,1721.6,1
500,1500,1
417.56,1499.4,1
488.68,1560.5,1
760.62,1327.5,1
513.26,1178.8,1
500,1500,1
628.67,1715.4,1
500,1500,1
500,1500,1
636.87,1257,1
500,1500,1
500,1500,1
531.98,1570.7,1
642.24,1260.3,1
442.32,1985.4,1
202.68,1048.4,1
531.37,1691.4,1
554.65,1315.5,1
500,1500,1
414.8,1531.1,1
477.73,1417.8,1
764.4,1195.1,1
721.32,1246.4,1
625.99,1399.1,1
268.01,1394.9,1
611.04,1326.2,1
634.91,1681.1,1
759.45,1325.7,1
626.73,1296.1,1
433.08,676.16,1
623.47,1260.9,1
559.16,1193.3,1
687.55,1322.2,1
607.7,1872.8,1
505.96,1854.7,1
647.64,1258.1,1
268.05,1386,1
579.44,1410.3,1
480.07,1850.4,1
817.71,1225.7,1
524.66,934.58,1
675.52,1145,1
223.48,608.03,1
581.1,1322.1,1
583.63,1883.7,1
500,1500,1
558.76,1261.4,1
500,1500,1
689.15,1300.3,1
498.92,1851.1,1
556.82,1570.9,1
377.94,1716.8,1
795.12,1393.4,1
500,1500,1
475.59,1898.6,1
488.79,1536.5,1
630.78,1334.9,1
401.44,1205.5,1
500,1500,1
428.14,1533,1
481.93,1399.1,1
639.06,1307.6,1
598.52,1686,1
586.73,1253.3,1
579.55,1331.2,1
556.25,1369.6,1
567.84,1473.4,1
500,1500,1
500,1500,1
500,1500,1
475.82,1673.2,1
594.59,1430.4,1
667.04,1508.3,1
646.57,1654.1,1
500,1500,1
222.17,1350.7,1
542.39,1476.7,1
753.92,1331.5,1
734.05,1363,1
500,1500,1
471.81,1498.7,1
583.75,1431,1
547.32,1815,1
516.18,1427.7,1
544.62,1632.2,1
729.43,1365.1,1
500,1500,1
735.46,1392.5,1
687.55,1322.2,1
500,1500,1
500,1500,1
500,1500,1
569.71,997.11,1
504.14,1269.4,1
732.16,1303.2,1
629.48,1353.3,1
680.57,1261.8,1
641.88,1314.5,1
609.52,1443.3,1
500,1500,1
707.95,1237,1
681,1316.4,1
659.68,1199.6,1
500,1500,1
639.33,1282.6,1
500,1500,1
500,1500,1
726.53,1298.7,1
588.51,1294.2,1
500,1500,1
488.78,1202.9,1
674.8,1504.1,1
463.03,1805.3,1
513.84,1418.9,1
476.92,1394.1,1
651.5,1353.3,1
625.67,1325.7,1
719.76,1261.5,1
764.29,1328.6,1
500,1500,1
643.25,1652.5,1
608.41,1350.2,1
570.33,1283.9,1
500,1500,1
500,1500,1
500,1500,1
626.73,1296.1,1
697.37,1273.1,1
500,1500,1
500,1500,1
360.94,1541.8,1
720.56,1340.4,1
500,1500,1
500,1500,1
724.42,1371.6,1
500,1500,1
500,1500,1
500,1500,1
688.04,1169.8,1
534.94,1333.9,1
507.47,1749.3,1
315.71,1365.2,1
638.83,1266.6,1
495.97,2186.1,1
500,1500,1
491.85,1731.5,1
742.52,1870.9,1
679.52,1296.6,1
456.76,1715.2,1
555.15,1662.5,1
414.73,1636.2,1
691.24,1268.3,1
772.45,1204.3,1
547.4,1109.5,1
662.67,1427.1,1
495.97,2186.1,1
671.09,1316.9,1
903.39,1525.9,1
667.18,1446.6,1
558,1300.8,1
500,1500,1
653.56,1294.2,1
259.23,1753.2,1
500,1500,1
577.27,1407.2,1
500,1500,1
491.87,1516.6,1
500,1500,1
500,1500,1
603.07,1387.9,1
422.38,1536.2,1
770.16,1211.6,1
552.57,1626.3,1
500,1500,1
500,1500,1
534.38,1231.6,1
747.75,1254.7,1
500,1500,1
500,1500,1
643.29,1254,1
866.81,1296.4,1
569.66,1608.3,1
711.57,1255.5,1
500,1500,1
507.84,1759.6,1
629.22,1240.6,1
285.22,1543.1,1
543.29,1683.9,1
655.46,1312.2,1
610.96,1426.2,1
657.76,1187.2,1
654.69,947.24,1
660.54,1529.7,1
852.77,1314.2,1
615.39,1274,1
500,1500,1
500,1500,1
506.81,1260.2,1
724.82,1372.2,1
500,1500,1
500,1500,1
500,1500,1
716.16,1772.6,1
1431.5,1824.1,1
591.25,1412.1,1
569.91,1266.6,1
622.19,1497,1
500,1500,1
500,1500,1
564,1725.8,1
276.3,942.31,1
763.78,1207.6,1
635.78,1204.8,1
469.16,1153.2,1
459.89,1656.7,1
453.24,1406.8,1
502.63,1778.7,1
820.36,1215.3,1
658.81,1213,1
500,1500,1
559.03,2350.2,1
500,1500,1
547.47,1636.5,1
663.71,1403.7,1
500,1500,1
500,1500,1
488.68,1107,1
517.58,900.42,1
500,1500,1
854.13,1383.6,1
660.22,1372.7,1
489.57,1300.6,1
596.66,1656.2,1
500,1500,1
584.65,1511.2,1
517.69,1849.8,1
584.65,1511.2,1
1047.2,1542.4,1
535.84,1486.3,1
633.44,1525.5,1
1240.8,2338.7,1
567.35,1309.9,1
456.28,1896.5,1
500,1500,1
615.31,1343.2,1
483.91,1287.4,1
630.72,1402.4,1
724.66,1288.1,1
500,1500,1
500,1500,1
500,1500,1
334.52,627.48,1
495.02,1851.7,1
278.06,1654.7,1
583.75,1431,1
684.24,1366.6,1
1151.1,2281.3,1
604.67,1283.9,1
943.59,1473.3,1
583.06,1278.6,1
457.33,1543.8,1
590.53,1318.8,1
500,1500,1
782.35,1335.7,1
697.31,1113,1
508.29,1891.2,1
500,1500,1
711.43,1281.9,1
521.19,899.45,1
774.02,1321.4,1
627.09,1166.8,1
634.87,1274.1,1
516.63,1693.6,1
498.38,1943.5,1
456.28,1896.5,1
346.98,1321.8,1
640.71,1427,1
782.01,1300,1
500,1500,1
650.99,1293.2,1
505.96,1854.7,1
500,1500,1
587.04,1075.6,1
608.72,1110.8,1
654.96,1265.5,1
500,1500,1
538.55,1292.4,1
365.89,1249.4,1
469.16,1153.2,1
571.99,1026.4,1
500,1500,1
570.15,1488.9,1
631.3,1429.7,1
1282.4,2065.8,1
669.57,972.44,1
500,1500,1
680.86,1226.6,1
500,1500,1
678.25,1447.3,1
834.98,1341.3,1
500,1500,1
471.89,1480.4,1
500,1500,1
608.17,1523.3,1
1292.8,2030.3,1
579.42,1451.3,1
681,1316.4,1
733.31,1305.6,1
771.05,1689.9,1
780.76,1674.3,1
396.89,1863,1
578.96,1323.5,1
684.04,1426,1
500,1500,1
402.56,1341,1
1279.9,2589.4,1
467.35,1177.1,1
699.75,1344.2,1
770.16,1211.6,1
598.52,1686,1
500,1500,1
630.19,1506.4,1
461.88,1416.7,1
500,1500,1
500,1500,1
500,1500,1
753.92,1279.4,1
500,1500,1
373.39,1527.7,1
500,1500,1
793.53,1264,1
500,1500,1
793.69,1521.4,1
500,1500,1
494.44,1694.8,1
602.55,1365.2,1
589.27,1628.7,1
692.64,1279.4,1
300.63,1269.8,1
500,1500,1
500,1500,1
509.76,1215.5,1
634.87,1274.1,1
377.42,1288.1,1
578.67,1235.2,1
500,1500,1
545.83,1225.1,1
558.64,1786.1,1
284.23,2082.7,2
312.65,2039.8,2
321.26,2098.5,2
326.26,2286.1,2
381.9,1972,2
288.58,2388.1,2
301.86,2188,2
343.7,2075.2,2
286.05,1987.9,2
308.71,2133.6,2
367.24,2025,2
285.7,2098.2,2
413.56,2027.2,2
428.86,1559.7,2
385.97,2075.6,2
380.73,1796.3,2
329.44,2071.9,2
304.08,2160.1,2
257.54,2130.3,2
353.77,2268.1,2
315.04,2106.9,2
339.38,1999.3,2
278.26,2030.3,2
282.34,1974.3,2
305.76,2086,2
323.18,2206.3,2
332.99,2015,2
278.95,2182.6,2
278.99,2064.6,2
235.86,1432,2
372.72,1807.7,2
338.04,2235.3,2
169.4,2466.9,2
274.32,1574.9,2
283.07,2120.9,2
371.38,1090.1,2
421.52,1910.8,2
334.59,2177.2,2
349.76,2070.5,2
363.04,1929.6,2
242.62,2074.4,2
324.7,2039.7,2
225.41,1162.5,2
308.7,1970.7,2
408.97,1930.9,2
316.2,2044.2,2
272.19,2138,2
472.08,1926.4,2
315.13,2362.1,2
315.05,2070.4,2
356.09,1907,2
300.32,2058.9,2
514.68,1923.8,2
235.95,2256.7,2
552.72,1671.8,2
340.31,2151,2
350.17,2197.3,2
349.73,1968.5,2
313.98,2168.9,2
341.5,2269.3,2
328.62,2155.6,2
254.34,2130.6,2
377.28,1705.3,2
293.56,2284.9,2
406.04,2128,2
274.46,1961.2,2
334.27,2012.1,2
441.35,1835.3,2
177.87,1897.8,2
261.89,2238.9,2
281.79,2141.6,2
316.2,2044.2,2
246.39,2107.7,2
392.82,2058.3,2
443.5,1669.1,2
369.65,2256.3,2
349.05,2094,2
351.21,1874.4,2
310.22,2260.1,2
600.7,1678.9,2
298.76,2129,2
359.03,2127.8,2
351.16,1444,2
278.83,1682,2
341.59,2089.6,2
382.75,2076.1,2
428.14,2022.7,2
313.69,1906.3,2
322.3,2080.4,2
443.6,1742.6,2
333.05,2054.4,2
282.95,2191.4,2
266.33,2172.6,2
193.23,2095.6,2
463.92,1816.7,2
236.68,1993.4,2
506.97,1827.6,2
270.92,2267.1,2
335.31,1988.4,2
251.5,2334,2
327.77,2083.1,2
401.84,2074,2
432.8,1894.9,2
329.69,2015.6,2
403.84,1924.9,2
372.39,1966.2,2
273.14,2010.8,2
321.98,2261.6,2
382.75,1676.5,2
347.32,2014.2,2
331.14,2260.3,2
365.79,1512.3,2
335.65,2135,2
317.06,2268.9,2
311.56,2124.7,2
471.06,1844.5,2
272.61,2036.1,2
373.34,2029,2
359.45,2266.1,2
287.16,2099.1,2
449.99,1768,2
308.53,2111.4,2
295.37,2313.2,2
310.09,2101,2
243.19,2246.3,2
307.2,2253.3,2
287.53,1956.1,2
340.46,2263.9,2
387.32,1990.4,2
365.81,1779.9,2
534.33,1837.3,2
320.22,2211.4,2
342.32,2382.5,2
335.96,2103.8,2
472.91,1817.8,2
335.49,2127.8,2
305.86,2162.7,2
327.6,2185.3,2
428.73,1934.2,2
298.76,2129,2
291.33,2250.1,2
276.21,1562.9,2
194.05,1912.5,2
248.34,2166.8,2
361.72,2204.4,2
513.24,1769.3,2
270.48,2133.5,2
177.3,2178.3,2
303.87,2050.3,2
312.89,2097.4,2
432.48,1869.3,2
293.95,1906.2,2
317.9,1935.6,2
317.09,1684.4,2
272.68,2089.5,2
324.3,2085.3,2
307.15,2124.3,2
293.05,2133.8,2
327.71,1953,2
332.33,2252.2,2
366.07,2062,2
330.98,2062.3,2
239.67,2110,2
346.49,2203.8,2
332.18,2104.2,2
484.4,1927.7,2
270.31,2156.7,2
399.96,1991.4,2
309.65,2122.5,2
317.9,1935.6,2
418.76,2326.5,2
311.6,2320.4,2
241.53,2132.3,2
305.58,2086.4,2
137.78,2103.2,2
300.12,1563,2
296.38,2195.3,2
284.23,2082.7,2
268.77,2103.8,2
319.84,1778.1,2
326.89,1640.5,2
265.09,2209.3,2
231.48,2141.3,2
198.42,1430.2,2
323.38,2045.2,2
303.69,2001.4,2
442.55,2165,2
461.24,1814.4,2
266.25,2022.4,2
498.94,1782.8,2
439.66,1949.3,2
448.59,1726.7,2
388.05,2166.9,2
256.05,2043.8,2
242.27,1288.9,2
297.57,2088.1,2
346.74,1765,2
408.14,1949.2,2
441.82,1833.2,2
155.59,2170.3,2
376.38,1653.6,2
286.45,2130.1,2
303.66,2128.1,2
311.05,2145.8,2
300.32,2395.1,2
336.81,1859.9,2
262.5,2136.3,2
602.12,1631.3,2
448.17,1887.7,2
309.71,2254.9,2
325.65,1879.4,2
579.32,1757.5,2
304.9,2149,2
329.31,2069.5,2
528.68,1980.3,2
319.67,2280.2,2
417.1,1988.6,2
305.53,2150,2
268.24,2217.9,2
418.35,2150.4,2
382.91,2063.8,2
301.58,1431,2
447.81,1892.6,2
204.55,2144.6,2
191.11,2218.7,2
327.65,2214.5,2
338.82,2118.2,2
303.27,2133.3,2
277.39,2297,2
342.7,2173.2,2
263.29,2090.8,2
516.14,1847.2,2
316.48,2147.1,2
168.62,2169,2
301.22,2138.8,2
347.1,1914.5,2
362.15,2149.9,2
407.96,1734.4,2
345.87,2142.2,2
198.42,1430.2,2
298.11,1946.8,2
326.73,2221.9,2
387.21,2163.4,2
385.88,2017,2
279.97,1502.2,2
301.82,2044.3,2
315.76,2223.2,2
177.64,2182,2
339.84,2115.1,2
272.45,2163.9,2
325.52,2107.2,2
536.36,2023,2
446.87,1941.3,2
342.72,2131.9,2
288.65,2258.7,2
330.77,2022.7,2
338.52,2047.5,2
302.19,2059.4,2
247.16,2099.4,2
278.28,2127.2,2
500,1500,2
364.02,2016.6,2
323.18,2206.3,2
229.53,2118.3,2
339.38,1999.3,2
484.08,1708.5,2
293.09,2134.1,2
313.19,2177.6,2
435.71,2169.2,2
374.34,1982,2
316.38,2064,2
325.67,2058.3,2
435.07,1967.5,2
273.77,2244.7,2
337.29,1157.9,2
284.35,2301.3,2
449.32,1939.9,2
328.62,2155.6,2
276.21,1562.9,2
307,2143.4,2
416.54,1960.1,2
317.15,2445,2
403.98,2136.8,2
315.41,2119.6,2
401.84,2074,2
530.48,1964.5,2
327.51,1963.9,2
363.13,2021.1,2
266.2,2185.7,2
317.44,1981.8,2
321.72,2136.2,2
293.79,2111.7,2
518.15,1734.8,2
321.91,2052.1,2
280.28,2177.3,2
479.26,1938.8,2
255.08,1920.7,2
438.67,1741.1,2
319.74,2052.6,2
322.5,2119,2
458.77,1794.5,2
513.13,1810,2
323.82,1821.6,2
306.26,2132.6,2
272.52,2406.7,2
316.55,2119.3,2
265.69,2347.3,2
210.26,1987.3,2
263.06,2179.3,2
244.51,2087.9,2
407.64,1930.1,2
267.91,2078.8,2
271.16,2247.7,2
342.15,2194.4,2
403.73,1775.2,2
443.27,1925,2
337.39,2050.3,2
304.19,2137.6,2
388.85,2089.2,2
233.15,2309.2,2
363.93,1823.6,2
478.04,1641.9,2
283.34,2212.5,2
280.36,2103.9,2
378.45,2145.4,2
258.04,2173.7,2
263.84,2113.5,2
330.15,2172.7,2
312.44,1999.7,2
287.19,2216.4,2
295.18,2049.8,2
314.29,2221.5,2
430.95,1824.8,2
300.76,2049.8,2
404.9,1953,2
284.23,2082.7,2
307.7,2344.9,2
311.32,2173.2,2
421.7,1925.2,2
376.92,2129.2,2
421.09,1863.6,2
356.35,2309.6,2
420.76,2008,2
415.59,1899.8,2
415.11,1955.3,2
318.21,2183.5,2
356.09,1907,2
228.5,2286.5,2
359.04,2048.8,2
324.31,2147.8,2
500,1500,3
264.51,787.41,3
500,1500,3
500,1500,3
376.81,1132.1,3
409.76,1036.5,3
500,1500,3
314.05,900.28,3
366.09,836.05,3
324.51,788.14,3
344.04,1349.5,3
290.3,1115.3,3
262.57,2290.6,3
349.72,1001.3,3
850.3,1225.8,3
436.99,1175.3,3
317.73,1261.9,3
339.45,964.26,3
366.16,978.45,3
311.61,1066.6,3
923.75,2403.7,3
333.59,885.6,3
322.65,893.07,3
314.64,988.83,3
500,1500,3
500,1500,3
290.43,791.39,3
789.57,2494.3,3
397.07,1066,3
371.9,1143.9,3
325.24,1886.2,3
414.8,1553,3
398.42,1207.2,3
500,1500,3
500,1500,3
315.57,1050.3,3
500,1500,3
319.01,1228.8,3
297.35,803.46,3
500.92,1189.2,3
388.9,1111.1,3
250.13,699.38,3
473.28,1108.6,3
359.65,1659.2,3
372.94,1074.4,3
501.47,1098.9,3
806.98,2726,3
339.97,876.07,3
329.27,1186.4,3
385.97,1135.7,3
500,1500,3
789.57,2494.3,3
853.91,2324.2,3
236.43,745.65,3
305.74,1417.7,3
418.51,1222.8,3
399.76,863.95,3
293.95,680.57,3
277.02,842.58,3
311.91,1405.5,3
339.8,831.2,3
506.73,1073.9,3
381.25,1119.9,3
425.17,1356.3,3
500,1500,3
340.11,1109.4,3
330.82,1323.6,3
841.08,2442,3
304.79,831.09,3
346.02,903.28,3
606.13,1206.6,3
566.69,1556.8,3
500,1500,3
403.33,893.8,3
438.25,914.96,3
372.45,815.82,3
500,1500,3
360.5,939.42,3
244.12,1193,3
231.41,1151.5,3
348.64,1049.9,3
329.42,740.53,3
264,1719.7,3
401.34,925.13,3
402.87,1840.9,3
378.45,912.76,3
398.29,1081.2,3
500,1500,3
500,1500,3
500,1500,3
500,1500,3
443.79,1070.4,3
309.85,1008.7,3
500,1500,3
965.48,2298.5,3
350.05,1008.2,3
334.06,1065.9,3
304.42,1147.3,3
367.33,774.93,3
374.65,1358.4,3
409.91,1025.6,3
317.66,1447.4,3
394.99,1479.6,3
437.17,1019.5,3
500,1500,3
830.59,2267.7,3
1075.8,2452.5,3
469.46,926.67,3
470.95,1026.6,3
266.78,2176.6,3
500,1500,3
557.53,2017.1,3
333.07,1172.7,3
500,1500,3
1398.2,2358.5,3
284.29,1063.4,3
259.34,712.72,3
273.15,2347.5,3
379.86,976.42,3
344.23,1812.7,3
408.7,1013.8,3
559.29,1341.9,3
834,2459.9,3
404.78,992.98,3
300.19,1178.4,3
500,1500,3
398,1084.8,3
381.19,1034.1,3
434.87,915.47,3
500,1500,3
453.82,1198.8,3
284.02,810.03,3
365.1,972.46,3
346.96,1174.3,3
319.6,1412.1,3
358.81,1009.1,3
500,1500,3
500,1500,3
500,1500,3
500,1500,3
324.91,1080.4,3
500,1500,3
778.42,1089.7,3
364.19,1095.1,3
312.15,699.29,3
274.3,2356.8,3
392.01,1037.9,3
360.92,1073.4,3
328.12,1014.1,3
1079.6,2346.6,3
381.34,847.39,3
500,1500,3
374.8,801.87,3
276.89,871.23,3
1473.5,2536.6,3
357.03,1205.5,3
226.58,900.73,3
703.09,1338.3,3
343.16,1259.1,3
500,1500,3
384.4,1180.5,3
500,1500,3
289.74,717.14,3
226.19,488.72,3
211.42,572.78,3
301.55,792.49,3
344.7,1094.6,3
373.77,951.25,3
500,1500,3
358.27,843.25,3
386.58,876.05,3
380.52,855.07,3
500,1500,3
373.5,1104.7,3
384.65,1077.2,3
447.52,1124.2,3
396.61,1113.2,3
307.38,1017.2,3
385.63,1157.8,3
453.84,1428.3,3
330.48,1191.6,3
500,1500,3
286.77,1187.4,3
443.72,994.75,3
413.91,1165,3
383.9,1039.8,3
226.47,2065.4,3
376.54,1225.8,3
417.3,1084.9,3
336.06,988.86,3
283.91,965.97,3
211.59,827.17,3
319.14,1239.7,3
344.08,1098.1,3
500,1500,3
425.17,1356.3,3
293.81,911.54,3
317.22,944,3
506.85,964.03,3
520.96,1035.9,3
226.47,2065.4,3
348.63,1046.7,3
516.84,1086.8,3
350.65,828.43,3
347.19,1112.1,3
303.98,954.96,3
378.45,813.12,3
398.09,1117.1,3
451.16,887.32,3
318.14,763,3
245.37,768.21,3
412.73,1105.3,3
437.17,1019.5,3
500,1500,3
1069.5,2290.3,3
500,1500,3
268.15,1118.2,3
440.69,1027.7,3
248.54,905.05,3
424.25,2452.2,3
345.91,1145.5,3
290.43,791.39,3
434.79,876.75,3
815.31,2489.7,3
500,1500,3
398.09,1117.1,3
573.1,1506.3,3
500,1500,3
500,1500,3
377.92,976.8,3
368.05,1081.1,3
500,1500,3
326.37,1103.6,3
304.79,831.09,3
400.85,1355.9,3
363.18,847.9,3
448.02,952.8,3
256.75,944.5,3
369.04,878.94,3
537.19,1087.9,3
299.46,634.48,3
337.88,886.07,3
500,1500,3
527.78,1180.9,3
500,1500,3
357.88,1240.1,3
316.5,1130.4,3
493.75,878.75,3
343.75,999.85,3
356.56,849.35,3
566.13,968.17,3
324.52,928.71,3
328.84,1097.8,3
279.82,1085.1,3
276.92,1390.2,3
934.17,2252.4,3
276.93,616.19,3
360.78,989.26,3
298.63,1056.5,3
322.47,1707.8,3
525.17,1165.7,3
473.28,1108.6,3
311.67,1229.5,3
399.76,863.95,3
327.32,2418.7,3
308.83,1135.6,3
553.26,1208,3
368.51,1051.8,3
397.12,1156.4,3
335.12,857.06,3
500,1500,3
412.48,972.62,3
287.06,932.45,3
300.68,1030.9,3
224.72,1447.2,3
370.03,872.41,3
355.09,1173.3,3
399.83,845.17,3
290.48,1116.6,3
261.96,910.04,3
500,1500,3
273.02,1100.6,3
500,1500,3
252.88,1003,3
386.24,1112,3
335.89,1104.9,3
240.98,882.22,3
500,1500,3
750.12,2292.4,3
217.59,1408.1,3
427.88,1181.4,3
381.84,987.52,3
344.04,737.63,3
345.58,1211.3,3
500,1500,3
323.09,1105.8,3
500,1500,3
254.18,1971.9,3
327.58,800.95,3
402.93,1808.5,3
519.56,1115.3,3
393.71,1120,3
367.79,944.31,3
865.02,2452.2,3
407.29,982.43,3
963.94,2399,3
500,1500,3
367.31,1345.5,3
436.81,849.73,3
286.62,2348.1,3
822.25,2234.2,3
286.4,1315,3
500,1500,3
292.61,1445.7,3
500,1500,3
500,1500,3
452.42,926.17,3
301.23,1265.8,3
500,1500,3
500,1500,3
235.12,2571.4,3
337.27,1166.1,3
316.48,1289.4,3
395.4,2034.1,3
603.49,1452.8,3
366.36,808.52,3
447.37,1459,3
359.06,1050,3
312.23,2308.7,3
435.63,770.23,3
546.21,1239.2,3
395.4,2034.1,3
305.13,943,3
248.81,1011.2,3
340.16,1063.4,3
926.34,1502.2,3
463.84,1338,3
379.1,1028.1,3
394.31,998.52,3
319.53,2354.8,3
519.73,943.34,3
290.03,578.25,3
335.62,741.97,3
361.07,1165.9,3
334.75,960.09,3
357.59,1034,3
405.96,860.8,3
365.32,1262.2,3
312.33,1006.1,3
311.68,774.89,3
