-13.826,4.799,1
-12.301,-1.3551,1
-13.968,4.3138,1
-13.898,5.3077,1
-12.69,5.9609,1
-13.496,4.2884,1
-14.287,0.45823,1
-13.481,5.3777,1
-13.548,4.3921,1
-14.896,-0.32943,1
-9.5076,2.1373,1
-13.955,0.59941,1
-12.805,-0.95015,1
-11.169,-1.7265,1
-13.222,4.8699,1
-13.324,-0.25931,1
-12.199,6.4139,1
-10.232,2.0243,1
-12.13,3.9717,1
-11.689,6.3764,1
-8.5046,7.4167,1
-11.226,-1.6469,1
-12.041,-1.3532,1
-13.401,4.4442,1
-14.045,5.5535,1
-12.331,6.4397,1
-13.5,0.11887,1
-12.376,3.7663,1
-13.336,1.1334,1
-12.701,-1.116,1
-10.108,-2.0112,1
-11.584,3.3427,1
-8.5322,-2.3635,1
-10.923,1.7003,1
-10.205,3.1205,1
-12.015,1.3962,1
-13.295,-0.76301,1
-12.999,-0.67395,1
-11.616,3.4093,1
-13.365,-0.79175,1
-13.152,1.0297,1
-8.6025,7.3921,1
-12.305,3.7372,1
-7.8149,2.523,1
-13.844,0.53696,1
-13.739,0.3598,1
-8.2004,-2.4173,1
-9.1878,2.8091,1
-13.659,0.61665,1
-14.28,4.9344,1
-13.187,4.1098,1
-8.8271,2.2809,1
-12.321,3.7816,1
-11.589,3.5105,1
-11.252,3.1497,1
-13.56,-0.090598,1
-8.9418,7.3422,1
-10.832,1.9348,1
-13.893,0.34478,1
-8.7458,-2.2853,1
-13.767,-0.72603,1
-13.471,4.2152,1
-13.623,-0.23335,1
-12.949,4.0204,1
-13.359,-0.89519,1
-14.399,5.2565,1
-10.898,3.1896,1
-9.5723,7.0867,1
-14.53,-0.69643,1
-10.021,-2.1516,1
-9.4431,-1.9826,1
-11.55,3.5803,1
-9.4492,-2.2538,1
-11.943,-1.5243,1
-14.568,5.2191,1
-11.54,-1.5354,1
-12.205,1.2574,1
-10.476,6.7403,1
-13.85,5.6068,1
-10.958,6.7431,1
-11.613,-1.4761,1
-12.669,1.1497,1
-9.3875,7.0338,1
-14.018,4.8841,1
-13.892,5.0758,1
-10.623,6.8267,1
-11.372,1.5989,1
-12.722,-0.91821,1
-13.7,0.42911,1
-9.5721,-2.1681,1
-9.0543,2.0885,1
-13.272,0.81741,1
-12.16,-1.2739,1
-10.224,7.07,1
-13.729,4.4778,1
-8.3366,2.3637,1
-12.76,0.70298,1
-14.477,5.2128,1
-13.592,4.2693,1
-8.6988,-2.351,1
-12.545,6.0605,1
-13.534,0.22974,1
-11.887,3.4889,1
-13.963,0.67372,1
-13.571,4.2095,1
-13.959,5.3244,1
-13.474,4.2402,1
-14.008,5.5089,1
-10.142,2.0657,1
-13.281,4.2018,1
-11.737,-1.6149,1
-14.077,4.9051,1
-11.534,6.2962,1
-10.772,6.8453,1
-12.608,6.2505,1
-7.6876,2.5219,1
-12.253,6.0628,1
-13.18,-0.72329,1
-14.033,5.1173,1
-13.311,0.71179,1
-13.732,-0.68431,1
-9.8796,2.8471,1
-14.321,5.5705,1
-13.883,4.3311,1
-11.441,1.6695,1
-9.5938,-1.8808,1
-13.934,0.16838,1
-10.284,3.1007,1
-12.879,6.0779,1
-12.477,6.3065,1
-10.429,6.977,1
-13.216,0.89896,1
-8.8199,7.316,1
-8.1607,2.5757,1
-14.014,5.2746,1
-10.716,-1.9214,1
-10.965,1.7178,1
-8.2158,7.3302,1
-12.705,6.1575,1
-10.293,6.9801,1
-13.105,0.75568,1
-12.141,1.2006,1
-9.4326,-2.325,1
-14.145,4.2052,1
-13.149,3.8567,1
-10.287,1.793,1
-13.958,-0.4976,1
-13.673,0.22401,1
-14.821,0.026669,1
-14.368,5.175,1
-8.2881,2.4049,1
-8.2188,7.4713,1
-8.7263,2.3479,1
-14.543,5.0929,1
-13.721,0.69402,1
-7.6172,7.4104,1
-13.187,5.7589,1
-13.316,4.0827,1
-11.961,-1.5237,1
-8.9823,7.328,1
-13.649,5.6766,1
-14.022,4.7254,1
-13.301,0.72041,1
-12.783,4.4103,1
-7.7894,2.5951,1
-12.895,0.84962,1
-14.155,5.0187,1
-11.951,6.5104,1
-13.628,-0.45384,1
-10.038,3.0296,1
-13.685,5.3202,1
-12.273,-1.53,1
-12.893,-1.1641,1
-9.6746,1.9322,1
-12.312,1.356,1
-13.906,-0.24125,1
-10.474,-1.9147,1
-10.15,1.9309,1
-8.7403,2.5947,1
-12.732,3.9474,1
-8.5112,2.2065,1
-10.994,1.7588,1
-14.806,-0.14346,1
-11.102,1.6779,1
-11.024,3.1332,1
-10.1,3.0065,1
-9.4522,7.2181,1
-13.889,-0.88189,1
-9.6988,3.0924,1
-11.699,6.4139,1
-8.4156,7.1714,1
-12.785,6.1512,1
-10.257,3.0488,1
-14.042,0.87048,1
-10.78,6.9043,1
-12.466,6.1807,1
-10.702,1.9288,1
-13.94,0.26448,1
-8.6254,2.1112,1
-14.085,5.3046,1
-12.957,4.4485,1
-11.869,3.6601,1
-11.002,1.6694,1
-12.833,1.3496,1
-7.5494,2.4907,1
-11.518,6.5502,1
-11.72,3.6317,1
-8.2779,2.3929,1
-9.5431,2.789,1
-14.068,4.9971,1
-11.648,3.6659,1
-13.878,0.32249,1
-13.781,-0.73865,1
-10.041,-2.0069,1
-12.608,-1.0124,1
-8.2967,2.3794,1
-13.428,0.6788,1
-13.271,4.8899,1
-12.325,3.8314,1
-12.554,1.2958,1
-13.874,-0.41257,1
-8.7622,-2.4134,1
-12.134,6.3924,1
-14.199,-0.053203,1
-13.522,-0.4959,1
-11.598,3.3485,1
-11.943,-1.3931,1
-7.9703,2.4592,1
-8.3407,7.3138,1
-14.349,5.2038,1
-8.5545,2.3415,1
-10.408,-1.8315,1
-10.223,1.9825,1
-12.525,1.2914,1
-10.026,3.0096,1
-13.163,4.1478,1
-13.179,-1.1359,1
-10.557,3.1617,1
-13.977,4.5329,1
-8.4751,2.3694,1
-13.506,-0.977,1
-13.984,4.2754,1
-13.806,0.41095,1
-13.357,-0.73706,1
-14.047,5.082,1
-11.103,6.5635,1
-12.132,1.4772,1
-13.109,4.5902,1
-11.637,1.3279,1
-11.828,6.4962,1
-12.997,4.0756,1
-13.171,5.6606,1
-12.209,6.1479,1
-8.9999,-2.1083,1
-11.514,6.4959,1
-11.583,-1.6718,1
-11.07,1.7455,1
-13.516,-0.74671,1
-11.366,6.5758,1
-7.7058,-2.3739,1
-9.2854,-2.1941,1
-12.077,6.5151,1
-7.2026,-2.4713,1
-13.385,5.7214,1
-8.6325,2.6981,1
-9.5091,-2.0285,1
-9.6452,2.1395,1
-14.005,0.38995,1
-13.093,-0.67425,1
-13.585,-0.63255,1
-13.416,4.2978,1
-14.25,0.048592,1
-13.322,1.0941,1
-12.573,-1.05,1
-12.723,6.5442,1
-13.686,5.6241,1
-12.65,3.9857,1
-11.334,6.7144,1
-13.896,4.3666,1
-13.663,0.7229,1
-12.814,0.71555,1
-10.134,3.144,1
-13.549,5.5771,1
-11.881,6.3864,1
-11.518,1.6107,1
-14.318,4.7723,1
-10.355,1.9499,1
-13.49,6.0127,1
-13.92,0.57055,1
-12.643,-1.1736,1
-8.685,2.347,1
-13.641,4.3989,1
-12.22,1.009,1
-14.3,-0.12515,1
-14.38,5.185,1
-10.254,-1.9342,1
-13.922,-0.65537,1
-9.2845,-2.1112,1
-14.442,-0.37036,1
-11.957,3.5416,1
-10.309,3.0279,1
-8.7723,7.178,1
-10.775,-1.8748,1
-11.543,6.3493,1
-13.11,6.1187,1
-14.7,5.1909,1
-9.2566,-2.1657,1
-13.983,5.7845,1
-13.026,5.6483,1
-12.324,3.8599,1
-14.104,-0.26958,1
-13.61,0.76401,1
-10.367,2.9471,1
-13.238,3.8975,1
-13.967,0.71772,1
-10.115,1.8458,1
-13.905,0.36803,1
-13.898,5.0923,1
-13.034,5.848,1
-13.303,-0.70011,1
-10.685,6.7908,1
-14.294,0.34821,1
-13.635,4.7189,1
-8.604,7.285,1
-13.372,0.17871,1
-8.6311,2.7013,1
-13.978,4.5471,1
-10.316,1.9973,1
-9.9799,3.1063,1
-13.406,4.5423,1
-10.011,-1.9183,1
-13.119,0.45935,1
-12.438,1.2488,1
-12.613,6.3655,1
-10.578,1.696,1
-14.747,0.11481,1
-11.794,-1.6854,1
-9.0013,-2.2582,1
-10.188,2.932,1
-8.2751,2.3447,1
-12.692,6.3697,1
-13.785,-0.53124,1
-13.354,-0.87067,1
-14.063,-0.57662,1
-7.0816,-2.4815,1
-8.4785,2.5946,1
-13.416,0.48079,1
-12.678,1.0218,1
-13.706,0.24235,1
-12.754,3.7499,1
-13.153,-0.54375,1
-11.695,3.535,1
-9.9047,1.9088,1
-13.707,5.7272,1
-12.078,-1.6054,1
-11.972,6.8367,1
-8.5967,7.2935,1
-12.957,-1.1025,1
-9.6659,7.1577,1
-12.593,6.2095,1
-7.5155,2.4506,1
-13.436,4.2992,1
-11.928,3.4406,1
-14.069,4.9712,1
-11.992,-1.1247,1
-8.9263,2.9156,1
-11.362,3.2615,1
-8.5534,7.2979,1
-9.5994,2.8441,1
-14.793,-0.066025,1
-7.6723,-2.4942,1
-9.3669,2.7633,1
-13.989,-0.12128,1
-14.201,0.70926,1
-13.698,4.609,1
-10.654,-1.9526,1
-10.053,1.9941,1
-11.813,-1.594,1
-13.357,0.30383,1
-13.066,-0.70964,1
-8.6071,2.4126,1
-13.495,0.84886,1
-8.3097,2.3718,1
-7.8152,-2.3686,1
-11.709,-1.4967,1
-8.7863,2.6288,1
-13.726,-0.072134,1
-13.779,5.6223,1
-10.866,3.2812,1
-8.7736,-2.2493,1
-12.359,-1.2641,1
-10.148,1.9711,1
-9.4124,2.9121,1
-12.775,3.8053,1
-8.8777,7.1079,1
-10.658,1.8274,1
-8.6582,-2.2507,1
-10.763,-1.9212,1
-8.5608,2.7587,1
-13.718,-0.61404,1
-8.71,2.3126,1
-12.116,6.3839,1
-12.058,3.5813,1
-11.033,3.1412,1
-13.719,0.4345,1
-13.704,0.44552,1
-13.121,5.9895,1
-13.484,-0.84859,1
-11.38,3.4742,1
-9.4729,2.2374,1
-12.266,3.6599,1
-10.577,1.7583,1
-13.838,0.75814,1
-11.409,3.4968,1
-10.77,3.0658,1
-8.9455,-2.3074,1
-7.4283,7.4654,1
-9.2973,2.8445,1
-12.228,-1.0456,1
-11.82,1.3596,1
-12.238,3.7211,1
-9.1436,7.2496,1
-13.699,0.17153,1
-14.2,0.019251,1
-9.4692,-2.1391,1
-8.3092,-2.3571,1
-10.308,6.9155,1
-11.486,3.4619,1
-8.5588,2.2463,1
-13.111,4.3471,1
-12.643,3.8291,1
-8.8358,2.2894,1
-12.787,0.96632,1
-12.04,-1.4618,1
-13.06,4.1063,1
-11.048,3.3389,1
-13.672,5.2214,1
-14.187,0.25476,1
-12.561,-1.148,1
-11.967,3.75,1
-11.167,1.7134,1
-9.9633,2.9722,1
-11.38,6.6075,1
-11.516,-1.6488,1
-8.9862,-2.1435,1
-12.858,1.2305,1
-13.839,-0.74876,1
-12.435,3.8187,1
-11.474,1.5565,1
-14.489,4.9893,1
-10.641,3.0322,1
-11.093,-1.8048,1
-11.807,3.6364,1
-10.331,-1.9223,1
-12.718,-1.181,1
-9.3333,2.1854,1
-13.766,0.44849,1
-12.911,-1.087,1
-10.52,1.575,1
-14.252,5.0857,1
-8.1582,2.3606,1
-13.931,4.6297,1
-12.898,6.1157,1
-13.641,5.3081,1
-13.922,5.3789,1
-13.803,-0.46342,1
-10.234,3.0974,1
-9.5332,2.8548,1
-11.308,3.3661,1
-11.794,1.5191,1
-13.12,1.0089,1
-14.107,5.3082,1
-8.9167,7.2583,1
-11.208,6.593,1
-13.471,5.7735,1
-13.042,-0.95545,1
-13.2,3.8195,1
-13.723,-0.30326,1
-14.283,5.0451,1
-10.947,1.7252,1
-11.88,3.6637,1
-12.669,3.9969,1
-13.128,3.8691,1
-7.312,2.6039,1
-10.166,7.0655,1
-12.655,-1.2542,1
-10.72,-1.8693,1
-13.64,0.39568,1
-10.909,1.7159,1
-10.819,6.7916,1
-12.901,5.738,1
-14.037,4.9408,1
-12.631,1.2316,1
-13.282,-0.79851,1
-9.775,7.0724,1
-13.367,4.2581,1
-14.284,0.013268,1
-12.679,4.0082,1
-13.484,5.7813,1
-12.563,-0.64571,1
-10.686,1.571,1
-13.185,4.7222,1
-13.762,5.0167,1
-10.572,3.1261,1
-10.161,6.9427,1
-9.5785,3.0337,1
-14.533,0.2781,1
-11.813,-1.3228,1
-13.627,-0.49877,1
-10.963,-1.893,1
-7.6315,2.4982,1
-12.953,5.8997,1
-12.083,3.7735,1
-10.334,6.7611,1
-13.263,4.3804,1
-13.522,-0.34359,1
-13.045,-0.21735,1
-10.482,6.8722,1
-13.879,-0.047748,1
-10.004,2.0261,1
-11.223,-1.7216,1
-11.365,1.6357,1
-9.8025,2.0884,1
-12.517,-1.1187,1
-13.71,4.9054,1
-14.302,4.5511,1
-11.555,3.3933,1
-12.481,6.2978,1
-10.312,-1.8951,1
-14.025,0.089858,1
-11.329,3.3211,1
-10.247,3.1274,1
-8.3945,-2.4714,1
-12.026,3.7533,1
-12.152,3.5847,1
-13.946,4.6329,1
-11.416,1.6072,1
-13.44,4.0464,1
-12.592,0.96382,1
-13.209,-1.0064,1
-13.291,0.58782,1
-12.623,3.9866,1
-14.221,0.29438,1
-9.0562,2.089,1
-12.676,4.3461,1
-13.92,0.15928,1
-8.5034,2.419,1
-12.351,6.225,1
-13.084,5.9202,1
-13.955,5.1205,1
-14.056,0.58698,1
-13.914,4.6559,1
-12.505,3.845,1
-11.171,1.6031,1
-11.811,-1.5434,1
-14.82,5.1801,1
-13.917,5.6991,1
-9.3412,2.0477,1
-12.622,-0.99577,1
-13.699,0.96908,1
-12.45,3.8627,1
-9.1953,2.1526,1
-14.195,5.4802,1
-14.063,5.0082,1
-9.4199,7.1174,1
-14.225,0.49936,1
-10.864,3.2615,1
-13.771,5.2048,1
-13.838,4.9382,1
-9.7483,-2.1297,1
-12.173,6.1599,1
-9.3199,-2.203,1
-12.014,1.4152,1
-14.173,-0.17041,1
-13.56,0.87187,1
-12.174,-1.2779,1
-9.631,2.9666,1
-9.3257,7.1873,1
-13.32,-1.0353,1
-14.081,-0.48008,1
-9.2585,2.3405,1
-8.3109,7.416,1
-13.308,0.1301,1
-13.991,-0.022531,1
-14.578,4.617,1
-8.6297,2.123,1
-13.947,-0.16945,1
-12.605,1.1848,1
-13.884,0.43107,1
-9.4776,-1.9558,1
-9.2827,2.8641,1
-13.143,4.0548,1
-13.301,4.459,1
-10.04,3.0018,1
-13.698,0.4572,1
-8.1251,2.618,1
-10.127,3.0248,1
-10.142,-2.0122,1
-9.0086,2.8847,1
-11.145,-1.6264,1
-10.048,3.0382,1
-10.799,1.7485,1
-13.644,4.6385,1
-11.743,1.3555,1
-9.8429,2.888,1
-12.408,1.2215,1
-9.7054,-1.9416,1
-13.657,-0.27193,1
-11.834,1.378,1
-13.907,4.9556,1
-9.1486,2.8451,1
-13.847,0.38134,1
-13.641,5.8145,1
-11.817,3.3271,1
-12.83,5.8918,1
-12.766,-1.2513,1
-10.481,-2.0241,1
-13.869,5.143,1
-13.443,0.93565,1
-11.066,6.6539,1
-14.114,5.5845,1
-14.607,4.7189,1
-13.858,5.7274,1
-10.709,3.0518,1
-13.386,4.9241,1
-8.659,-2.1929,1
-13.907,-0.047178,1
-13.985,5.0153,1
-13.832,0.93967,1
-8.9533,2.7682,1
-8.4903,-2.364,1
-10.601,-1.8321,1
-13.388,-0.94905,1
-13.729,4.719,1
-13.65,4.4586,1
-11.461,3.329,1
-9.2333,7.1836,1
-8.5245,-2.3641,1
-9.986,2.8433,1
-9.0754,2.1452,1
-14.464,4.9685,1
-12.533,3.6545,1
-13.433,-0.091366,1
-12.702,3.7352,1
-10.994,-1.8944,1
-14.045,-0.72737,1
-12.273,3.5223,1
-11.689,1.2389,1
-8.7045,-2.2216,1
-14.973,5.1433,1
-13.289,1.2055,1
-13.357,0.466,1
-13.51,4.3309,1
-12.494,6.0226,1
-9.8278,7.0447,1
-10.789,-1.8053,1
-11.106,1.6092,1
-8.563,7.2995,1
-13.979,5.3418,1
-10.948,3.2545,1
-13.818,-0.55938,1
-11.444,6.6748,1
-13.878,4.922,1
-12.654,-0.91571,1
-9.6099,2.1617,1
-8.3952,-2.3112,1
-8.2332,-2.3549,1
-10.259,2.0932,1
-12.328,3.6547,1
-8.9554,2.455,1
-14.361,4.9466,1
-11.577,1.531,1
-10.051,-1.9003,1
-13.602,-0.46047,1
-13.208,4.2044,1
-11.745,6.4778,1
-12.229,-1.0449,1
-8.3325,2.554,1
-13.377,-1.1044,1
-8.4914,2.8953,1
-13.133,3.9514,1
-11.071,3.5152,1
-12.449,1.3301,1
-7.5661,2.5898,1
-10.155,6.8804,1
-9.9765,2.8661,1
-9.7273,3.1516,1
-11.695,-1.4437,1
-13.743,0.41721,1
-13.725,-0.12823,1
-8.0873,-2.4281,1
-14.22,-0.23896,1
-12.394,0.86091,1
-13.34,0.82677,1
-10.407,6.893,1
-13.784,4.363,1
-12.101,3.9069,1
-12.803,4.6366,1
-7.2982,7.4652,1
-8.7124,2.6725,1
-13.184,5.7945,1
-11.931,-1.1954,1
-13.174,3.9303,1
-8.0752,2.7226,1
-12.372,6.1477,1
-9.9621,2.9346,1
-13.777,4.6941,1
-14.577,4.9697,1
-13.53,5.7644,1
-10.913,1.8435,1
-11.462,-1.4764,1
-8.6465,2.2102,1
-11.199,6.635,1
-11.434,3.455,1
-11.474,1.6508,1
-11.708,1.2814,1
-8.8117,2.7345,1
-13.552,-0.33475,1
-13.467,5.4557,1
-13.854,4.3302,1
-13.859,5.466,1
-12.784,-0.96519,1
-15.09,-0.13604,1
-8.3866,7.3856,1
-12.997,6.0484,1
-14.471,4.3153,1
-11.163,-1.4559,1
-9.1526,6.9663,1
-8.8723,-2.2439,1
-13.733,5.7946,1
-8.4271,2.6689,1
-13.218,4.3692,1
-11.408,1.6195,1
-11.694,-1.5721,1
-10.457,-1.7863,1
-8.677,2.6843,1
-13.57,-0.75408,1
-12.207,6.4572,1
-13.463,5.9011,1
-11.731,6.4506,1
-12.514,6.3195,1
-14.117,0.4482,1
-13.143,0.78873,1
-10.367,-1.8195,1
-12.987,-0.44349,1
-13.984,-0.025319,1
-14.803,-0.35324,1
-13.538,0.12008,1
-13.314,4.0905,1
-9.1293,2.9151,1
-14.04,5.0219,1
-7.4823,7.476,1
-11.124,1.7928,1
-14.011,5.7382,1
-13.362,-0.28576,1
-8.3485,2.5259,1
-13.73,-0.25059,1
-13.847,0.69799,1
-9.7363,6.9666,1
-10.267,-1.9172,1
-10.556,3.2772,1
-13.365,0.72643,1
-9.078,7.1225,1
-12.98,0.93897,1
-9.0156,-2.1657,1
-13.378,-0.88977,1
-8.5477,-2.3712,1
-11.25,6.584,1
-13.092,-0.18914,1
-12.779,0.76866,1
-12.964,1.1362,1
-13.221,-0.74248,1
-11.193,1.6029,1
-12.228,3.7015,1
-13.836,0.018886,1
-11.603,3.4914,1
-14.4,5.2229,1
-9.5222,3.1282,1
-8.5246,7.4112,1
-7.6634,2.5325,1
-10.717,-1.8977,1
-8.007,-2.3914,1
-10.268,-1.7868,1
-11.532,6.3949,1
-9.9049,2.8664,1
-14.379,0.61152,1
-13.324,-0.94084,1
-14.109,4.6097,1
-9.3866,7.2009,1
-12.069,3.7447,1
-10.901,1.4421,1
-9.1265,7.101,1
-8.6708,-2.2825,1
-11.632,3.4402,1
-14.035,4.5248,1
-10.067,3.1144,1
-8.1714,-2.4016,1
-9.9559,1.9587,1
-12.896,5.6177,1
-9.5788,2.3501,1
-14.101,0.47931,1
-12.239,3.6684,1
-13.443,5.1829,1
-14.261,0.42408,1
-12.094,1.352,1
-13.783,5.3192,1
-12.816,5.6658,1
-13.364,4.359,1
-11.09,1.7668,1
-9.3692,-2.0989,1
-13.778,-0.76853,1
-14.092,0.3121,1
-14.195,-0.30472,1
-13.841,0.47133,1
-12.991,1.0224,1
-11.102,6.7171,1
-13.527,5.4897,1
-13.13,-1.1923,1
-13.859,5.1107,1
-8.6832,2.6456,1
-10.413,6.7209,1
-13.523,-0.32598,1
-13.768,-0.53669,1
-10.03,-2.1168,1
-11.923,-1.3755,1
-12.306,1.0219,1
-13.808,4.3685,1
-8.3671,-2.4514,1
-10.439,-1.8843,1
-14.427,5.2906,1
-12.402,-1.3397,1
-13.806,5.1393,1
-13.522,5.6275,1
-12.589,6.0862,1
-11.55,3.512,1
-14.485,0.37495,1
-8.3186,7.4441,1
-14.111,5.6447,1
-14.486,-0.063758,1
-11.706,1.5983,1
-12.435,1.2991,1
-12.558,6.1419,1
-14.692,-0.3575,1
-11.851,6.5932,1
-13.377,5.8737,1
-13.441,0.63089,1
-14.653,5.1435,1
-13.674,-0.50459,1
-12.758,6.1403,1
-14.057,5.2306,1
-9.1801,-2.2898,1
-13.973,5.6719,1
-14.116,-0.96718,1
-10.985,1.5399,1
-12.912,6.0248,1
-14.224,-0.38409,1
-12.895,0.88929,1
-11.213,6.6168,1
-11.968,6.4974,1
-9.6852,-2.2005,1
-13.78,4.7725,1
-9.1865,2.2527,1
-10.112,-1.9392,1
-10.647,3.3027,1
-13.994,-0.35067,1
-8.7509,7.2746,1
-14.363,-0.17332,1
-9.569,2.9275,1
-7.7668,-2.4894,1
-14.006,4.4879,1
-13.117,4.6551,1
-13.207,5.6581,1
-10.671,-1.7346,1
-11.914,1.5421,1
-13.75,0.62703,1
-10.265,1.9259,1
-8.2416,2.6104,1
-13.925,-0.056106,1
-13.639,5.6804,1
-12.48,3.6655,1
-13.119,-0.95003,1
-13.324,5.5883,1
-13.317,4.5418,1
-11.449,3.4566,1
-8.8026,7.2981,1
-10.353,-1.8556,1
-13.424,5.8375,1
-11.38,6.6003,1
-13.725,5.222,1
-12.592,0.73393,1
-9.7211,6.8193,1
-13.285,4.3549,1
-14.586,0.11398,1
-13.769,-0.27507,1
-12.807,5.8621,1
-13.027,0.58407,1
-8.5104,2.3349,1
-13.155,4.574,1
-13.447,5.3776,1
-13.896,-0.84155,1
-8.6346,2.1988,1
-9.152,2.4005,1
-13.684,-0.33019,1
-10.345,3.1411,1
-8.2573,2.6931,1
-9.9009,2.8829,1
-12.007,6.5165,1
-11.618,1.7077,1
-14.117,-0.0038738,1
-8.4846,2.6994,1
-10.67,6.5749,1
-13.153,0.81593,1
-10.078,-2.0787,1
-14.494,5.1546,1
-9.8648,7.018,1
-13.005,-0.47029,1
-9.6252,2.812,1
-12.229,1.1766,1
-13.363,-0.11046,1
-9.5061,2.8777,1
-13.603,0.68568,1
-10.06,1.9639,1
-11.747,1.4374,1
-13.787,-0.65271,1
-13.768,5.6738,1
-14.125,-0.049186,1
-13.033,0.80084,1
-11.773,3.391,1
-12.392,3.6906,1
-8.303,2.6307,1
-9.9391,-2.1108,1
-14.138,5.4459,1
-11.058,-1.5838,1
-10.265,1.9561,1
-9.3611,-2.0968,1
-12.062,-1.001,1
-9.0804,7.1501,1
-11.523,-1.4909,1
-11.14,1.6584,1
-12.335,1.2545,1
-13.858,-0.36279,1
-12.975,6.0979,1
-11.271,3.478,1
-9.712,3.1233,1
-9.6897,3.0382,1
-9.569,2.9415,1
-12.684,6.1278,1
-7.4521,2.4675,1
-9.9565,2.9824,1
-9.5486,-2.0438,1
-13.495,4.908,1
-11.01,3.1755,1
-12.919,0.85176,1
-7.7254,7.4949,1
-13.026,1.2795,1
-12.318,6.2956,1
-13.019,-1.0351,1
-11.665,6.6141,1
-14.439,5.2322,1
-10.941,-1.6195,1
-14.425,5.0695,1
-14.043,5.3449,1
-9.1025,-2.2237,1
-13.628,5.7932,1
-11.969,1.3262,1
-13.896,5.7105,1
-9.2884,-2.1544,1
-11.05,6.5921,1
-12.538,0.60927,1
-13.722,4.7963,1
-13.348,4.377,1
-14.04,0.76989,1
-12.215,3.532,1
-13.948,-0.0037983,1
-13.452,4.5846,1
-12.735,1.2666,1
-13.613,4.9661,1
-8.2788,2.5756,1
-12.284,6.3332,1
-12.864,6.0043,1
-12.837,6.1757,1
-13.465,5.8214,1
-13.226,5.7567,1
-13.564,5.4676,1
-13.631,0.1265,1
-11.379,3.4707,1
-12.698,5.976,1
-11.049,6.713,1
-12.926,-0.61679,1
-13.474,-0.32446,1
-7.7836,2.3671,1
-7.561,-2.461,1
-13.636,0.03021,1
-12.92,1.103,1
-9.0874,2.7169,1
-10.016,3.1405,1
-13.842,5.2713,1
-12.017,3.6456,1
-13.746,5.3754,1
-12.795,-1.4212,1
-13.123,4.3045,1
-12.048,3.5577,1
-11.075,1.8497,1
-8.6278,2.2941,1
-13.798,4.5172,1
-12.105,3.5876,1
-8.2415,2.3737,1
-13.053,6.1001,1
-9.1288,2.7127,1
-11.899,1.6769,1
-13.69,0.82958,1
-12.275,-1.2188,1
-10.639,1.9082,1
-13.842,0.95422,1
-9.5493,6.9408,1
-14.427,-0.0079034,1
-13.766,-0.12422,1
-9.9627,3.0946,1
-10.393,1.9807,1
-11.09,1.4309,1
-8.8844,2.2157,1
-13.829,4.7717,1
-14.152,-0.33078,1
-11.593,3.4102,1
-13.475,4.7107,1
-13.582,1.0303,1
-13.928,5.3075,1
-12.803,1.2716,1
-11.076,1.7808,1
-12.846,6.0499,1
-10.921,3.245,1
-14.244,0.5067,1
-9.7395,2.0575,1
-12.912,3.5516,1
-12.599,4.0734,1
-10.738,3.161,1
-12.183,6.2695,1
-12.119,-1.1266,1
-11.69,6.503,1
-10.438,-1.8473,1
-10.68,-1.7638,1
-11.049,-1.4685,1
-11.687,6.6044,1
-12.115,-1.5773,1
-12.83,1.1501,1
-12.897,6.1692,1
-14.5,5.3221,1
-9.0926,-2.1907,1
-8.7505,-2.3528,1
-12.811,3.9072,1
-14.552,-0.60953,1
-13.227,5.8891,1
-13.94,4.8048,1
-13.917,0.23582,1
-10.891,3.4565,1
-7.5877,2.2287,1
-11.294,6.68,1
-10.099,-2.029,1
-13.29,-0.66009,1
-14.406,4.8392,1
-13.781,0.22643,1
-10.18,-1.9275,1
-9.4832,6.9928,1
-13.149,3.759,1
-10.385,-1.8839,1
-10.871,3.21,1
-12.209,3.482,1
-9.9757,-1.9668,1
-11.789,6.4698,1
-14.231,5.3625,1
-12.893,1.1187,1
-11.604,-1.6916,1
-12.64,0.54366,1
-10.474,7.06,1
-13.207,0.7585,1
-13.321,4.4447,1
-14.201,5.6859,1
-13.116,4.0179,1
-9.5209,2.7581,1
-11.816,-1.6384,1
-9.2219,7.142,1
-8.4286,2.6283,1
-13.175,4.3995,1
-8.2178,-2.3447,1
-10.928,3.2516,1
-10.491,6.8494,1
-13.912,5.4842,1
-8.3754,2.2904,1
-12.246,3.754,1
-11.592,-1.5199,1
-12.432,6.3233,1
-13.9,-0.15831,1
-13.874,5.4888,1
-14.077,4.3147,1
-8.4147,2.7036,1
-10.366,6.883,1
-10.54,1.899,1
-12.036,3.3845,1
-13.004,-0.95442,1
-11.561,-1.555,1
-13.583,0.59162,1
-9.2812,-2.1861,1
-14.247,5.1933,1
-13.679,0.75877,1
-13.125,4.6649,1
-9.8991,3.0413,1
-8.8541,2.4152,1
-14.264,0.50818,1
-13.918,4.6974,1
-11.753,3.4257,1
-10.144,2.9874,1
-10.532,3.1221,1
-12,-1.2446,1
-8.6581,-2.1561,1
-14.119,4.6136,1
-8.8707,7.1914,1
-10.393,-2.0567,1
-7.8922,2.4263,1
-9.6567,2.1653,1
-10.545,-1.7864,1
-12.912,-1.0465,1
-9.7915,2.9378,1
-11.953,1.3541,1
-12.605,1.1187,1
-14.218,-0.41176,1
-12.607,4.1974,1
-9.8227,7.0933,1
-12.501,1.3763,1
-12.568,-0.93986,1
-13.548,-0.57827,1
-8.9223,-2.2077,1
-9.8527,-2.0671,1
-11.083,6.5371,1
-7.4965,2.5244,1
-11.193,1.5967,1
-8.8586,2.3447,1
-11.047,3.3183,1
-13.659,-0.91876,1
-10.526,1.8869,1
-11.25,3.5568,1
-13.757,-0.41473,1
-14.118,-0.011032,1
-10.729,3.1781,1
-13.443,-0.20935,1
-13.465,-0.6664,1
-11.889,3.5434,1
-7.7392,2.5583,1
-13.88,-0.032151,1
-12.119,6.5453,1
-11.996,3.6255,1
-12.365,6.2948,1
-9.8946,2.1123,1
-12.128,-1.6585,1
-7.9876,2.6331,1
-10.873,6.4782,1
-13.895,0.70709,1
-11.785,6.486,1
-13.425,4.1229,1
-8.536,7.4185,1
-9.7976,-2.1336,1
-10.503,6.8267,1
-8.7521,-2.361,1
-9.1124,-2.2478,1
-14.117,-0.25198,1
-13.818,-0.72652,1
-10.85,-1.6576,1
-13.167,3.9305,1
-13.083,4.3123,1
-13.333,5.6288,1
-13.45,-0.42843,1
-10.459,1.9992,1
-9.771,-2.1005,1
-13.851,0.74425,1
-12.632,5.716,1
-8.0114,7.3411,1
-12.178,-1.0419,1
-8.4575,2.3814,1
-11.443,3.4064,1
-8.6821,2.6699,1
-7.8946,7.4189,1
-10.854,-1.9311,1
-13.325,-0.85405,1
-13.953,0.60361,1
-9.3795,2.0634,1
-9.2775,2.1109,1
-12.84,5.9784,1
-14.281,0.2145,1
-13.906,-0.13507,1
-9.5239,2.9915,1
-13.849,4.3852,1
-11.072,6.4959,1
-12.671,1.2117,1
-12.707,3.9733,1
-13.294,3.923,1
-13.772,4.3543,1
-8.9165,-2.2739,1
-7.8881,2.4305,1
-12.337,6.0468,1
-11.228,1.6689,1
-13.738,-0.20773,1
-14.355,5.1098,1
-12.226,1.2985,1
-11.201,1.7053,1
-11.172,6.7877,1
-12.327,-1.108,1
-12.901,-1.1256,1
-11.574,3.4945,1
-13.319,5.6443,1
-8.5942,7.4548,1
-12.124,-1.0362,1
-13.593,0.18276,1
-11.574,3.4661,1
-10.696,1.6287,1
-8.552,-2.2035,1
-12.321,3.8595,1
-13.702,-0.4859,1
-11.732,1.5636,1
-13.467,4.7685,1
-10.832,6.5882,1
-12.805,6.2353,1
-13.961,4.9892,1
-11.342,3.1675,1
-8.0819,2.7674,1
-11.988,1.516,1
-8.6947,2.1955,1
-7.9953,-2.3022,1
-12.506,6.1738,1
-7.9698,2.4792,1
-7.713,7.4319,1
-12.149,5.77,1
-9.2009,-2.112,1
-13.182,0.41354,1
-9.3196,2.8931,1
-13.387,0.5379,1
-11.158,-1.4577,1
-14.193,5.2077,1
-13.175,6.272,1
-9.9859,2.9755,1
-12.156,6.0594,1
-12.747,-0.71666,1
-14.031,5.1531,1
-12.03,-1.3177,1
-10.819,1.7265,1
-8.5119,7.3953,1
-12.545,6.213,1
-10.689,-1.661,1
-8.7591,7.2609,1
-13.015,1.0294,1
-14.301,-0.049261,1
-12.883,3.9085,1
-8.9852,-4.5974,2
-4.0732,2.0927,2
-8.3362,-0.43564,2
-4.026,-1.7822,2
-6.0531,-0.97585,2
-4.0253,-1.7857,2
-7.9824,4.5364,2
-3.5304,-2.3747,2
-5.456,-1.203,2
-9.7219,0.13748,2
-4.5948,2.3558,2
-5.3143,3.6769,2
-5.264,3.472,2
-5.6312,1.0675,2
-4.306,-2.8561,2
-5.7028,3.8896,2
-4.1271,-2.2856,2
-4.618,3.3414,2
-6.841,-0.713,2
-3.9302,-2.4566,2
-7.2274,-4.1966,2
-5.7096,1.5422,2
-5.1968,1.5857,2
-6.1351,-3.9193,2
-5.5823,-3.634,2
-4.3145,-1.5873,2
-10.324,0.015769,2
-2.7172,-2.5762,2
-4.3688,2.28,2
-4.5225,1.7798,2
-7.7993,0.63997,2
-4.1367,-2.2934,2
-5.0429,1.6874,2
-6.3651,4.1852,2
-5.188,-3.9024,2
-4.0065,2.5393,2
-6.2904,0.89146,2
-3.0762,2.1023,2
-9.0851,-4.7456,2
-4.8865,1.9642,2
-4.7256,3.4814,2
-8.2706,-4.5913,2
-5.6126,-3.7706,2
-3.9162,-2.2018,2
-6.8861,4.0976,2
-4.3437,2.7791,2
-6.0799,1.1499,2
-7.863,-0.45928,2
-4.0506,2.8222,2
-5.418,-1.386,2
-4.6545,-1.6299,2
-6.382,3.8096,2
-5.9683,-3.7113,2
-5.4619,-1.3451,2
-3.8431,-1.948,2
-4.7309,2.6361,2
-5.5205,-3.8334,2
-5.2161,3.7969,2
-5.5191,4.2291,2
-7.9217,4.4219,2
-4.0171,2.2659,2
-5.4703,-1.068,2
-5.2299,3.5722,2
-9.7887,-0.16337,2
-3.8346,2.8051,2
-4.9008,-3.0635,2
-10.674,-0.0021854,2
-9.133,-4.7656,2
-5.8343,3.827,2
-6.1728,1.1938,2
-4.7315,3.5287,2
-3.8185,-2.9451,2
-6.9329,0.69783,2
-5.4345,3.6655,2
-4.0934,-2.1953,2
-4.8932,2.8215,2
-5.1745,3.2222,2
-5.3491,-3.6675,2
-3.8787,-3.0809,2
-5.2045,-1.5772,2
-4.5537,3.1664,2
-8.4399,4.5876,2
-3.6066,-2.4457,2
-8.3463,-4.7164,2
-4.5963,-3.1868,2
-8.3984,-0.4658,2
-4.1184,2.9646,2
-6.0516,0.91482,2
-7.9079,4.4655,2
-4.1483,2.5285,2
-4.5957,2.2426,2
-4.2977,1.899,2
-7.7395,0.60006,2
-4.5611,-3.4453,2
-9.0091,-4.7401,2
-3.7281,1.9749,2
-6.9797,4.1527,2
-4.7971,-1.9795,2
-8.305,-0.39938,2
-4.8663,3.3381,2
-4.9266,-1.3316,2
-4.8395,1.693,2
-5.1456,-3.4288,2
-5.0828,1.4222,2
-4.2858,-3.6362,2
-6.8742,-4.1256,2
-8.0864,-0.44304,2
-4.5636,-1.9271,2
-4.8074,3.1788,2
-7.3683,-4.2997,2
-4.3486,3.057,2
-4.3402,-2.0767,2
-5.9527,-1.0378,2
-5.4411,-3.4707,2
-4.253,-3.0797,2
-3.6222,-2.76,2
-4.4225,-2.9484,2
-4.9789,3.4033,2
-4.2199,-2.3438,2
-5.2372,3.9042,2
-5.9791,4.0134,2
-7.656,-0.50412,2
-7.1268,-0.88241,2
-5.0325,-3.1812,2
-9.2653,0.075256,2
-5.2778,3.435,2
-4.9495,1.5149,2
-6.184,-0.96647,2
-4.2018,-2.7171,2
-5.5173,-1.147,2
-9.6406,-0.16032,2
-8.3123,4.4889,2
-4.0973,-2.3454,2
-5.6223,-1.3787,2
-8.3495,-4.5891,2
-6.3549,3.9746,2
-6.3371,4.0624,2
-8.5174,-4.7035,2
-4.6605,-3.3168,2
-6.2128,-1.1657,2
-9.597,0.12329,2
-10.648,0.10115,2
-4.9849,3.1322,2
-4.6571,-1.6192,2
-6.7393,-4.1973,2
-4.7815,1.9033,2
-4.3611,2.602,2
-6.6292,3.9801,2
-3.832,2.5636,2
-5.3649,-3.1992,2
-3.6049,2.3517,2
-7.2621,-0.72628,2
-5.2126,3.7481,2
-8.9928,-0.24124,2
-7.2981,4.2834,2
-6.1172,-3.8655,2
-5.8056,-3.821,2
-4.6332,-2.2152,2
-6.7167,4.1433,2
-4.6859,-1.7005,2
-3.1163,-2.83,2
-9.6143,-4.9326,2
-5.4413,3.6411,2
-8.1839,-0.46904,2
-4.4437,-2.7794,2
-7.9284,4.3735,2
-7.8507,-4.5503,2
-3.7299,-2.1387,2
-4.2798,2.7743,2
-6.1196,-1.011,2
-7.6761,-4.263,2
-5.5884,3.4414,2
-3.2555,2.2171,2
-8.5331,4.516,2
-5.4501,3.4652,2
-4.2538,1.8107,2
-3.837,2.9502,2
-4.5684,3.3222,2
-4.9324,-3.6291,2
-3.851,-2.3207,2
-3.7589,2.197,2
-7.4593,4.4454,2
-6.2844,4.1062,2
-5.5847,1.0705,2
-4.5838,-1.8709,2
-7.5296,-4.3831,2
-3.6308,-3.071,2
-6.4206,0.87166,2
-5.8737,-3.7943,2
-6.318,-0.97429,2
-7.3865,-4.3412,2
-7.4719,-0.77962,2
-3.4928,-2.7861,2
-6.2391,1.0828,2
-5.9809,-3.9812,2
-4.569,-3.0488,2
-4.8916,3.109,2
-4.7954,3.4499,2
-10.049,0.11783,2
-7.4793,-4.5054,2
-3.9407,-3.1963,2
-5.2197,-1.3227,2
-5.449,1.1367,2
-8.5601,4.6483,2
-3.3733,2.4445,2
-8.0957,-4.5002,2
-7.1251,-0.57879,2
-8.4171,4.6774,2
-5.3981,-3.6287,2
-4.0828,-2.3705,2
-9.5996,-0.24195,2
-5.072,3.3074,2
-6.9446,0.85083,2
-4.9418,3.5481,2
-7.6331,0.36159,2
-7.9521,0.45973,2
-9.0762,0.31208,2
-8.4439,-4.6151,2
-4.7266,-1.5905,2
-8.9269,4.6811,2
-3.6601,2.8248,2
-4.9762,1.6141,2
-6.971,-4.2144,2
-8.3709,0.58047,2
-9.3793,4.8271,2
-9.4576,-0.089372,2
-6.9186,0.71108,2
-5.1024,3.2487,2
-3.831,-2.353,2
-8.3121,-4.6069,2
-3.7391,2.7433,2
-5.0099,3.2789,2
-5.2247,3.5154,2
-5.5479,3.9153,2
-8.4146,-4.7016,2
-4.795,-3.6114,2
-6.6581,4.1188,2
-10.273,-0.069486,2
-5.1841,-3.4124,2
-9.8748,4.9211,2
-4.8943,3.3832,2
-3.9601,-2.219,2
-7.084,0.83291,2
-5.8951,1.2701,2
-6.0255,-1.1162,2
-5.7624,-0.99334,2
-7.8792,0.51775,2
-5.4068,-1.4166,2
-7.6696,0.59448,2
-7.4625,-4.1222,2
-4.7902,-1.7055,2
-6.8035,-4.2929,2
-3.8496,-2.606,2
-7.6334,4.3681,2
-3.7559,-2.4663,2
-6.0426,4.0085,2
-9.5592,0.17751,2
-3.9625,2.5908,2
-6.2954,-1.0253,2
-9.2612,4.8318,2
-5.1629,1.4092,2
-4.0532,-1.9477,2
-3.911,2.1598,2
-4.2944,-3.0693,2
-7.2835,-4.3937,2
-7.6513,0.56772,2
-4.1953,3.0819,2
-3.4313,2.2778,2
-5.4586,3.6007,2
-4.7676,3.4039,2
-5.9987,-1.2838,2
-6.5209,1.0252,2
-6.9405,4.1672,2
-5.8331,1.0736,2
-5.4668,-3.9175,2
-9.7269,-4.9239,2
-6.3481,-4.098,2
-4.3603,-2.127,2
-4.3359,-3.2155,2
-5.4759,1.4539,2
-4.2025,2.3165,2
-5.7733,-1.0516,2
-9.9442,-4.7373,2
-3.7313,-2.6355,2
-4.8249,2.7819,2
-3.7114,-2.3737,2
-4.6083,3.3361,2
-9.472,-0.14099,2
-4.8921,1.6701,2
-7.5602,0.59105,2
-4.7902,3.2176,2
-5.0189,-1.4283,2
-7.4436,4.3362,2
-7.0279,0.58768,2
-5.8086,-3.7142,2
-10.039,4.9259,2
-9.6325,0.13031,2
-6.779,0.94432,2
-4.1593,2.6565,2
-8.0436,-4.5522,2
-5.2477,-3.7513,2
-3.9303,-1.9604,2
-4.0299,2.6202,2
-5.955,-1.2513,2
-6.209,-0.94819,2
-6.4855,-4.1427,2
-3.8165,2.5194,2
-3.423,-2.1567,2
-4.7359,-1.5918,2
-9.4192,-4.8569,2
-7.2265,4.1919,2
-4.4039,2.0556,2
-4.3972,-2.8759,2
-5.0797,-1.6379,2
-4.9404,3.3973,2
-4.8192,2.2274,2
-7.1419,0.99598,2
-6.7133,-4.2303,2
-4.5854,-3.5668,2
-3.885,2.6075,2
-5.4076,-3.6341,2
-4.7801,1.529,2
-4.5489,-1.8393,2
-6.8731,-4.3128,2
-5.3665,3.8449,2
-5.9125,-1.1021,2
-5.5039,-3.7506,2
-8.5554,0.55176,2
-5.6239,-1.1786,2
-4.4773,-3.2791,2
-4.1375,2.2642,2
-7.4448,4.3287,2
-3.415,2.5584,2
-5.8944,-4.0003,2
-4.4679,1.9287,2
-8.875,4.7343,2
-4.0797,2.7625,2
-4.8588,3.3764,2
-4.3993,-3.1754,2
-6.656,0.7959,2
-7.7056,-0.56761,2
-8.7976,0.29166,2
-3.7047,2.4532,2
-4.7576,3.7003,2
-10.121,4.8296,2
-7.3241,-0.48724,2
-5.5714,1.2388,2
-4.7081,1.8262,2
-10.211,4.9831,2
-6.7523,-4.2342,2
-4.9098,1.8305,2
-4.1668,-3.0385,2
-5.803,4.0037,2
-5.04,-3.3963,2
-6.9157,4.2502,2
-5.882,-1.1466,2
-4.8904,-3.3829,2
-6.2419,3.7415,2
-3.9774,-2.706,2
-8.3346,-0.49158,2
-9.7705,4.9188,2
-7.6769,-0.57645,2
-9.2557,-4.7014,2
-4.231,-2.37,2
-6.5112,4.1472,2
-4.2098,-2.5932,2
-8.1322,-0.37021,2
-4.1893,-3.0578,2
-6.4462,-0.78616,2
-3.6943,1.9976,2
-10.99,4.9329,2
-7.0304,-0.86456,2
-4.5963,1.3557,2
-6.7798,0.95552,2
-5.0801,-3.4592,2
-7.7949,0.53926,2
-5.2675,3.4753,2
-5.4178,3.4773,2
-6.3865,4.2247,2
-8.522,4.7573,2
-4.8936,3.495,2
-3.5579,2.7252,2
-4.5651,3.3721,2
-6.191,4.0071,2
-3.9687,2.4962,2
-4.3984,-2.5372,2
-4.6677,1.665,2
-7.5599,-4.5898,2
-8.8854,-4.5162,2
-9.6302,0.26334,2
-8.2089,0.40834,2
-4.3877,2.7583,2
-5.3142,-1.189,2
-5.7879,-3.9813,2
-3.7095,-1.8126,2
-6.4147,4.1831,2
-5.6392,1.4321,2
-8.8721,4.665,2
-3.6719,-2.1521,2
-4.5539,1.8842,2
-6.2932,4.0471,2
-6.8199,-0.73326,2
-6.5327,-3.9101,2
-7.5671,-0.58161,2
-5.3949,3.4986,2
-6.5252,1.0015,2
-4.663,-3.1712,2
-4.7099,3.1366,2
-9.2829,-0.24538,2
-9.5101,0.21573,2
-5.3287,-3.9436,2
-7.5333,4.2871,2
-6.3702,0.87148,2
-4.0885,-2.1613,2
-5.8222,-0.88532,2
-4.5656,1.7443,2
-6.2691,-3.7487,2
-5.086,-3.5516,2
-6.3463,0.73359,2
-8.1437,4.4429,2
-5.769,-3.6272,2
-4.1951,-2.2326,2
-6.0072,4.0726,2
-5.2586,1.4349,2
-8.793,4.6694,2
-5.5781,1.4267,2
-4.1345,-2.7998,2
-4.5175,-2.5479,2
-5.9813,3.8754,2
-4.3758,-2.421,2
-7.1051,-0.78285,2
-6.1437,1.3369,2
-8.94,4.554,2
-4.699,3.4149,2
-4.8005,-1.4155,2
-4.8459,-3.3004,2
-9.5871,-0.072287,2
-4.8463,1.4895,2
-7.4713,0.59774,2
-4.5241,-2.0573,2
-4.3866,2.5861,2
-5.8115,-1.3634,2
-6.8112,-0.76388,2
-4.2057,2.0988,2
-8.9258,4.7515,2
-6.9975,4.5092,2
-3.7987,2.4477,2
-3.5886,-2.2369,2
-9.6513,0.040978,2
-6.7943,-4.0313,2
-3.3453,-2.4658,2
-5.212,3.6145,2
-4.4171,-1.868,2
-4.1033,2.9982,2
-4.2574,2.7956,2
-7.7595,4.5721,2
-3.9385,2.5844,2
-7.4406,4.3833,2
-7.6461,4.4298,2
-7.7951,-4.5474,2
-6.3986,0.78158,2
-9.1058,-0.10755,2
-5.8458,-1.2287,2
-5.6571,-3.9427,2
-4.2715,-2.5678,2
-4.2639,2.8492,2
-5.7293,-1.4385,2
-5.6309,-3.8069,2
-6.3741,-0.91267,2
-5.2831,1.5299,2
-5.1772,3.6816,2
-5.0145,-1.6036,2
-4.4193,-3.4715,2
-4.1356,-3.4775,2
-8.5531,-0.45757,2
-7.3681,0.74634,2
-9.6519,-0.078576,2
-4.777,1.5156,2
-8.2253,-4.5858,2
-8.3337,0.51969,2
-8.4107,-0.46512,2
-8.24,-0.48112,2
-7.7468,-4.5508,2
-6.9816,-0.78072,2
-6.6463,-4.138,2
-5.5565,3.6143,2
-4.1806,2.2689,2
-5.7103,1.2444,2
-5.7117,3.4595,2
-5.3111,-3.618,2
-6.5554,-0.88603,2
-7.163,-4.3707,2
-9.4931,0.083855,2
-5.1223,1.5516,2
-7.7666,-0.48977,2
-5.8902,-1.2181,2
-5.3798,1.1869,2
-4.3102,-3.383,2
-4.8084,-3.3268,2
-4.0325,2.7914,2
-5.4624,3.8896,2
-9.0277,-0.32313,2
-6.5061,-0.8516,2
-4.9837,-1.3196,2
-4.4438,-3.0082,2
-6.2961,-0.81367,2
-4.4549,2.0165,2
-3.6189,2.8058,2
-4.5417,3.1762,2
-7.0751,4.2326,2
-9.2292,0.18812,2
-6.9141,-4.3076,2
-5.1121,-3.4595,2
-8.8886,-0.18437,2
-4.8194,-2.1739,2
-3.7794,2.4171,2
-4.2334,3.0756,2
-8.446,-4.4964,2
-4.8193,1.6286,2
-6.6495,0.78697,2
-6.9236,0.72979,2
-5.5462,1.1263,2
-6.4692,0.86994,2
-8.9101,0.36119,2
-4.6423,-3.5407,2
-6.508,-0.81658,2
-4.6749,-2.1561,2
-4.7068,-2.4291,2
-4.7484,2.5369,2
-6.6885,3.9533,2
-3.6957,-2.4677,2
-9.5158,-0.35939,2
-4.6719,3.1237,2
-6.2328,-4.0133,2
-4.654,-3.2197,2
-4.8369,-2.0866,2
-3.8544,1.9355,2
-6.3942,-1.0274,2
-7.5734,0.84119,2
-4.0827,2.6606,2
-4.0073,2.3951,2
-4.2245,-1.5432,2
-7.1042,4.251,2
-9.4044,4.9042,2
-5.7048,-3.9963,2
-4.0317,2.6022,2
-4.868,1.8232,2
-8.3565,-0.41845,2
-7.2677,-0.62859,2
-5.7235,-4.0284,2
-6.965,4.207,2
-5.5347,-1.484,2
-3.3882,-2.992,2
-5.5487,1.3261,2
-5.1408,1.3517,2
-4.3823,-2.2053,2
-4.9605,-1.5424,2
-4.8256,3.3509,2
-3.4486,2.2402,2
-4.2744,1.9689,2
-8.1323,-4.3737,2
-5.1278,1.6473,2
-7.1092,-0.85501,2
-4.6175,-1.8735,2
-5.2442,-1.6366,2
-8.073,0.45652,2
-6.477,-0.99507,2
-7.2678,-4.5796,2
-5.9876,-1.017,2
-8.7495,0.54241,2
-4.1114,-2.9822,2
-4.213,2.9945,2
-7.2473,4.2934,2
-5.2196,1.3709,2
-4.4482,1.9874,2
-5.9591,1.4312,2
-6.9038,-0.82485,2
-4.6214,-2.9842,2
-9.3553,0.18682,2
-5.4439,3.693,2
-9.1739,4.8021,2
-6.3538,-0.91948,2
-6.2262,3.8912,2
-3.7759,2.2584,2
-4.2325,-1.7809,2
-5.678,3.9557,2
-4.8743,1.8391,2
-6.0757,0.92327,2
-5.4999,3.7094,2
-5.2686,1.7338,2
-9.1335,-4.6117,2
-3.9999,-2.0377,2
-4.4805,-2.5433,2
-9.692,-4.9417,2
-4.2968,3.3575,2
-8.1367,-4.6006,2
-8.4061,-0.39361,2
-8.1953,4.4594,2
-5.1463,-1.3628,2
-4.2534,2.6969,2
-7.0416,-0.80253,2
-4.0561,2.7843,2
-7.9203,-4.5013,2
-4.1675,1.7876,2
-9.9594,-0.12741,2
-7.9235,4.3943,2
-5.6984,3.6438,2
-4.5522,1.985,2
-4.3534,1.977,2
-6.5694,-4.2263,2
-7.5018,-4.428,2
-9.2129,4.5642,2
-5.4059,-1.2199,2
-8.8391,-0.16823,2
-8.2945,-0.21842,2
-9.5119,4.7357,2
-6.4988,4.165,2
-8.9324,-0.088464,2
-3.34,2.1296,2
-9.7306,-0.14557,2
-3.9361,-2.3048,2
-5.8757,-4.0152,2
-6.6196,-4.045,2
-4.3293,-2.9325,2
-9.7348,-0.17095,2
-9.6177,4.744,2
-6.3882,4.1296,2
-3.5908,-2.4431,2
-3.7665,2.2736,2
-9.4864,-4.9891,2
-8.3728,0.44741,2
-6.6224,0.95567,2
-4.2427,2.3266,2
-6.6837,-0.84835,2
-4.8416,-1.4839,2
-9.7188,-0.081761,2
-4.4608,-1.6777,2
-9.1277,4.8342,2
-7.6349,-0.55741,2
-4.4251,1.8744,2
-9.256,-4.7675,2
-6.0887,-3.8862,2
-6.3265,0.81825,2
-3.9864,-3.2863,2
-5.9067,4.2641,2
-4.2042,1.5879,2
-3.7721,-2.5657,2
-5.8168,3.6793,2
-4.0385,2.5537,2
-4.9975,-3.1774,2
-5.8936,1.3342,2
-4.1767,1.84,2
-9.363,-4.8233,2
-5.7956,-3.711,2
-5.3344,-3.9868,2
-7.8648,0.67705,2
-4.2094,3.2562,2
-5.2024,-3.1263,2
-4.7931,-1.4663,2
-7.943,-4.5471,2
-4.5313,2.4487,2
-6.1549,-3.8609,2
-5.8373,-3.886,2
-9.2097,4.8094,2
-5.0409,2.3846,2
-4.0349,2.988,2
-4.1071,3.0073,2
-4.1433,2.9112,2
-7.0262,-4.092,2
-4.3048,2.5968,2
-5.4246,-1.4679,2
-7.9304,4.6248,2
-4.4942,1.7667,2
-4.1573,1.7874,2
-3.9477,-1.7004,2
-8.1604,-0.49893,2
-7.4428,4.3021,2
-4.3084,-2.8407,2
-4.4271,2.8966,2
-10.247,-0.017214,2
-9.353,-4.7822,2
-9.305,-4.7594,2
-4.6576,1.7101,2
-3.9681,-3.0029,2
-7.6539,-4.4082,2
-9.2616,-0.24953,2
-3.8131,-2.1188,2
-8.8588,4.7492,2
-5.937,1.0141,2
-4.5801,2.0683,2
-3.7863,2.8394,2
-4.504,3.201,2
-4.1993,2.5288,2
-9.0516,4.5737,2
-7.2947,-4.1865,2
-4.3049,-2.9558,2
-6.1875,-4.0987,2
-3.9602,-2.0287,2
-4.1533,-2.5863,2
-9.3295,-0.15727,2
-5.3707,-1.1725,2
-7.3728,0.68223,2
-4.7991,-1.8338,2
-9.0907,-4.8868,2
-7.1334,-4.3592,2
-7.5744,-0.65241,2
-4.0562,-2.1489,2
-5.5718,-1.3061,2
-4.6355,-1.5226,2
-8.8997,4.8853,2
-4.3051,1.8824,2
-4.5547,1.9186,2
-9.5284,-4.8576,2
-6.635,-1.1688,2
-5.3345,3.5736,2
-7.4927,0.56461,2
-6.5588,-4.1536,2
-6.1014,4.0223,2
-6.3411,-4.0492,2
-5.9855,-0.8216,2
-6.9504,-0.54915,2
-5.132,1.3852,2
-4.049,2.4379,2
-4.4561,-1.8814,2
-8.0178,-0.48766,2
-4.0965,-2.9699,2
-4.6654,3.4031,2
-4.246,-2.3787,2
-4.3759,1.7806,2
-6.0038,-1.213,2
-10.02,-0.12058,2
-4.3867,-1.8914,2
-3.9591,2.0101,2
-7.8513,4.2746,2
-5.8383,1.2637,2
-6.4614,-4.2468,2
-4.0958,2.3494,2
-7.3846,-0.69663,2
-5.4672,-3.6972,2
-6.4647,-0.86506,2
-8.2337,-4.5846,2
-4.0329,1.9468,2
-4.0354,3.4239,2
-6.8395,4.2394,2
-6.8832,4.4299,2
-9.2012,4.8187,2
-4.9053,1.6147,2
-5.8754,0.98919,2
-5.2625,-1.7882,2
-5.6707,-3.9687,2
-9.7521,-0.10011,2
-5.0251,-3.2482,2
-4.9296,3.5317,2
-8.9471,-4.7438,2
-9.3341,4.8577,2
-5.394,-1.1997,2
-4.2283,2.2671,2
-9.9705,0.078641,2
-4.8677,-3.7201,2
-3.987,2.395,2
-4.8119,-1.7528,2
-3.8789,2.2063,2
-4.764,-1.7026,2
-9.81,0.0079964,2
-5.3154,1.6919,2
-7.2128,0.80978,2
-4.1596,2.0964,2
-4.8176,-3.446,2
-3.8696,3.1429,2
-3.5898,2.9106,2
-8.2389,4.4455,2
-9.0768,0.27053,2
-5.896,3.8908,2
-6.0249,-3.8742,2
-8.5933,0.54331,2
-7.7844,-4.467,2
-9.2167,-4.6962,2
-4.6513,-2.3056,2
-9.54,-4.6839,2
-3.296,-2.2918,2
-3.6528,2.6185,2
-9.6233,0.16095,2
-6.4541,3.9702,2
-4.7935,-3.2277,2
-4.9713,-2.2823,2
-5.7909,3.8519,2
-5.188,1.249,2
-6.9184,-0.77549,2
-6.3922,-3.8762,2
-7.8515,-0.58052,2
-3.6958,2.621,2
-9.3581,-4.8518,2
-9.0854,4.8369,2
-9.2227,-4.8538,2
-9.6602,-0.1172,2
-8.922,-4.7983,2
-5.739,3.9616,2
-3.9877,2.3653,2
-3.653,-2.2781,2
-4.2855,1.7962,2
-8.0691,0.59889,2
-8.1481,-0.62322,2
-7.2952,-0.59235,2
-7.7111,0.52353,2
-3.2231,2.7686,2
-9.881,-4.9004,2
-8.9071,-4.7287,2
-9.0484,-4.7816,2
-10.459,4.9957,2
-5.1702,1.4143,2
-6.9924,4.3513,2
-9.3839,0.1456,2
-7.0671,0.7122,2
-8.4604,0.29045,2
-9.9579,0.13588,2
-7.3978,-0.76509,2
-3.6744,-1.9188,2
-6.3733,0.91337,2
-8.9781,-0.29923,2
-4.6131,-1.9422,2
-5.3061,-3.5786,2
-5.786,3.6809,2
-7.3572,4.2032,2
-10.078,4.9987,2
-4.0443,1.9066,2
-4.7787,3.4493,2
-5.3981,-1.2992,2
-6.4762,4.0366,2
-7.1221,4.2447,2
-4.7753,-1.7003,2
-10.462,4.9082,2
-8.2987,-4.6835,2
-5.8651,-0.91824,2
-9.754,-4.862,2
-4.5701,-1.9294,2
-5.5697,1.3185,2
-4.9869,-3.3014,2
-5.041,-1.5543,2
-4.7942,1.7544,2
-8.5637,0.35622,2
-3.5702,2.3091,2
-6.7904,-0.75908,2
-4.5755,1.9658,2
-8.8637,-4.5503,2
-3.3913,-2.56,2
-5.9547,1.0944,2
-4.7931,-3.7538,2
-6.4995,4.0954,2
-8.9828,-4.6839,2
-9.3862,-0.28605,2
-7.6601,4.5822,2
-9.6508,-4.9414,2
-4.0518,2.2762,2
-5.5427,1.3731,2
-5.1065,-3.3816,2
-4.9389,3.4263,2
-6.8354,1.0823,2
-4.4096,-2.3729,2
-4.1399,-1.6904,2
-5.2779,1.4921,2
-7.4986,-0.56617,2
-7.2378,0.6766,2
-4.1152,2.736,2
-4.1619,-2.2125,2
-9.4957,4.8261,2
-8.7707,-0.22577,2
-6.3408,1.0956,2
-5.1081,-1.5524,2
-4.103,3.1721,2
-5.214,-1.327,2
-4.8251,-1.6299,2
-8.2632,-0.46857,2
-6.0924,1.3283,2
-4.3258,1.8633,2
-8.8457,4.6929,2
-9.6548,0.1212,2
-5.1495,-3.666,2
-4.5665,1.6261,2
-8.2029,-4.4685,2
-4.2556,-2.005,2
-10.58,0.016093,2
-8.4336,-0.34771,2
-8.5693,-0.33112,2
-9.5911,-4.7956,2
-4.1579,-2.827,2
-6.7179,4.0155,2
-4.0392,-2.8115,2
-5.2234,-3.5785,2
-10.285,-0.081574,2
-7.9048,0.70143,2
-7.8807,-4.5814,2
-4.9821,-1.6097,2
-5.0585,1.3432,2
-8.1844,0.45726,2
-3.9164,-2.5093,2
-3.9707,2.5884,2
-7.3737,4.3572,2
-5.244,-1.197,2
-3.7804,-2.0679,2
-4.443,2.7209,2
-4.156,2.843,2
-8.0582,4.5087,2
-5.2948,3.7657,2
-7.5451,-0.59023,2
-5.5698,-3.5366,2
-4.4156,-2.4791,2
-5.2434,-1.395,2
-4.7792,3.2931,2
-5.6756,3.5547,2
-6.547,-0.87669,2
-4.1108,-2.4607,2
-4.845,3.6815,2
-7.9803,4.6673,2
-10.139,-4.9243,2
-5.344,-3.8295,2
-4.9784,3.7058,2
-4.7189,-3.1559,2
-9.4054,4.782,2
-6.3424,3.8501,2
-4.4701,-3.0488,2
-6.5076,1.0055,2
-4.2477,2.4321,2
-5.3571,3.6091,2
-5.1723,3.7307,2
-5.4335,-3.6944,2
-8.8878,4.7,2
-6.202,1.1229,2
-6.8174,-0.68863,2
-4.248,-2.0354,2
-4.7837,-3.4972,2
-4.9204,1.6557,2
-5.8068,-3.6878,2
-5.5273,1.3061,2
-6.6465,4.2203,2
-4.2257,2.6781,2
-10.048,0.0069771,2
-3.9521,-2.444,2
-3.9951,2.0853,2
-6.6476,0.93402,2
-3.8489,2.5116,2
-5.886,4.0077,2
-4.3536,-2.8853,2
-5.0252,-1.5933,2
-4.426,-2.6207,2
-4.3993,-3.1228,2
-6.211,-0.92377,2
-8.4075,-4.6131,2
-3.2436,2.5599,2
-4.8861,-1.7789,2
-9.1414,0.026085,2
-10.509,-0.017245,2
-8.5171,-4.6385,2
-4.7492,3.2319,2
-7.8859,-0.51831,2
-6.2998,0.80062,2
-5.5615,-3.7626,2
-8.0568,0.7732,2
-4.6511,-3.2855,2
-4.4702,-3.1061,2
-8.0412,4.3324,2
-5.5899,-1.1838,2
-4.7333,-3.4349,2
-7.6918,4.5255,2
-7.0125,-4.3772,2
-7.0944,4.4377,2
-6.26,-1.3078,2
-8.5848,4.647,2
-5.5796,-3.6294,2
-7.0964,4.4712,2
-5.2518,-1.7071,2
-8.6504,-0.32674,2
-9.5151,4.8525,2
-4.5389,-3.0953,2
-10.985,4.958,2
-8.0922,-0.52753,2
-5.5915,3.9254,2
-8.6039,-4.6021,2
-5.4075,-3.6581,2
-4.6246,-2.8573,2
-4.2505,-1.6114,2
-5.4089,-1.5409,2
-3.5778,-2.2918,2
-4.9569,-1.4629,2
-9.6009,-0.24683,2
-4.7465,3.2088,2
-6.8198,-4.2961,2
-4.3706,-2.8911,2
-3.7682,-2.8159,2
-5.0002,2.1212,2
-9.3157,0.37083,2
-5.7775,1.1127,2
-8.7592,0.30837,2
-4.3514,2.8597,2
-3.2678,2.9199,2
-6.4,-3.8606,2
-7.9178,-0.50085,2
-6.2711,-1.1339,2
-4.6095,-1.8097,2
-4.5499,-3.177,2
-9.7536,0.056371,2
-5.0224,-1.6563,2
-4.3283,-3.0145,2
-7.5986,0.67123,2
-3.879,2.4989,2
-6.2335,-4.1063,2
-4.4935,-1.7047,2
-7.8463,4.2942,2
-5.2114,-3.547,2
-4.3619,-2.3996,2
-8.8228,0.28548,2
-5.4555,3.8751,2
-4.3899,2.544,2
-9.4984,4.9618,2
-3.7135,1.9478,2
-4.9984,-1.4285,2
-4.2055,2.5272,2
-3.4176,2.4936,2
-9.3974,-0.10591,2
-4.4899,2.7454,2
-6.0522,4.1231,2
-6.6634,0.9499,2
-9.4207,-4.6657,2
-7.2986,4.3365,2
-7.2951,-4.394,2
-4.359,-3.0149,2
-7.7024,4.4994,2
-5.9386,-3.5691,2
-5.1539,3.7131,2
-3.6388,2.5751,2
-4.8478,-1.4526,2
-8.1019,-0.48476,2
-7.3026,4.3449,2
-6.8448,4.255,2
-6.0909,-1.1014,2
-10.602,-4.9846,2
-9.0982,-0.26444,2
-5.1338,-3.172,2
-8.0001,0.68921,2
-7.731,-0.44224,2
-10.157,0.0057687,2
-6.6506,4.1257,2
-4.4989,3.2047,2
-5.574,-1.1045,2
-4.0123,1.8804,2
-7.1318,4.2548,2
-5.1836,-1.5222,2
-8.066,-0.4756,2
-4.4204,2.3539,2
-4.4153,3.0721,2
-3.9607,-1.7199,2
-7.5367,0.4032,2
-10.657,-4.9591,2
-3.9625,-2.2852,2
-3.9127,2.2514,2
-7.031,-4.2344,2
-4.4249,2.7291,2
-6.819,-0.8857,2
-6.792,0.60439,2
-4.9025,1.5012,2
-7.3798,-4.3608,2
-5.4048,3.7898,2
-6.5621,4.2895,2
-4.6203,-3.8537,2
-4.004,-2.1425,2
-6.2299,1.0024,2
-7.9699,-4.4902,2
-7.4298,-4.3061,2
-9.2487,4.6443,2
-5.6016,-3.8905,2
-3.7,-2.7458,2
-6.9683,4.2241,2
-3.9475,2.2406,2
-6.715,0.85601,2
-9.4434,-0.12468,2
-5.3713,1.6021,2
-7.3665,-0.89048,2
-4.6481,-3.1711,2
-4.7366,-1.3814,2
-8.278,-4.7009,2
-5.0654,1.8135,2
-7.8986,-4.476,2
-4.2455,-1.9582,2
-6.7518,-1.0122,2
-5.2803,1.5366,2
-5.0543,-1.5352,2
-6.3893,-0.65742,2
-6.2535,-3.8685,2
-9.011,0.30332,2
-9.7679,-0.21862,2
-7.5199,0.59381,2
-5.8889,-4.0265,2
-6.6361,0.89524,2
-4.4086,-2.4523,2
-5.7025,-1.3686,2
-4.3147,-3.2093,2
-4.4102,-3.2136,2
-5.4468,3.7662,2
-7.9559,-0.58205,2
-4.678,3.5816,2
-4.5407,1.9739,2
-7.699,4.4174,2
-4.023,2.608,2
-7.3902,-4.4754,2
-5.0267,3.2306,2
-3.5436,-2.5685,2
-4.1337,-2.4818,2
-4.4022,2.9118,2
-8.0726,4.5288,2
-4.5906,-3.0504,2
-7.6255,-0.54065,2
-6.8993,-4.1631,2
-6.9054,-0.76994,2
-3.6514,1.8454,2
-6.5125,0.88217,2
-8.6848,-0.44661,2
-9.3152,-4.7834,2
-4.9625,2.2415,2
-7.2509,4.3161,2
-4.3168,1.8689,2
-4.335,2.085,2
-3.8177,1.6872,2
-5.6626,-1.0532,2
-4.3718,3.2652,2
-4.9559,1.5912,2
-6.16,0.94575,2
-10.085,-4.9566,2
-7.1542,-4.1044,2
-4.1043,1.9573,2
-4.3089,3.1908,2
-3.9832,2.9031,2
-8.659,0.35335,2
-10.495,0.0086821,2
-4.1325,-2.3038,2
-3.8006,-2.9347,2
-6.0962,3.9218,2
-10.006,0.20003,2
-8.4567,-0.35752,2
-10.468,4.916,2
-9.6503,4.73,2
-9.2838,-4.8267,2
-9.5282,0.23208,2
-3.597,2.2597,2
-6.4541,-1.1175,2
-10.216,4.9438,2
-4.2952,2.5622,2
-3.5708,-2.2619,2
-4.5317,-3.4801,2
-7.4319,4.2369,2
-5.0693,-1.5242,2
-10.285,-0.13501,2
-3.721,-2.9132,2
-8.2817,0.32398,2
-4.6795,3.3879,2
-4.5149,-3.0684,2
-9.5675,-0.22236,2
-9.6692,0.014813,2
-6.3047,-3.8661,2
-3.8434,-2.8739,2
-5.2853,-1.5103,2
-9.0138,4.6604,2
-4.0633,-2.2781,2
-8.3874,4.7444,2
-5.3135,3.3907,2
-10.871,4.9989,2
-5.0615,1.3853,2
-4.016,3.0704,2
-10.013,-0.087679,2
-4.252,-2.8042,2
-4.7688,-2.7484,2
-3.8455,3.0671,2
-4.8597,1.7185,2
-5.0916,1.6545,2
-9.6692,0.22969,2
-10.217,-4.9385,2
-4.5716,-1.8439,2
-8.5499,4.6297,2
-4.5042,1.549,2
-4.3459,-2.0947,2
-8.3948,-4.6688,2
-4.7532,-2.9591,2
-5.1139,1.9013,2
-4.4592,2.2105,2
-7.1052,4.1453,2
-6.4106,4.1345,2
-7.2776,0.6552,2
-4.3365,-2.7325,2
-5.1534,3.8143,2
-5.6406,1.3654,2
-4.3808,-2.9961,2
-9.9662,-0.082996,2
-5.976,-3.6071,2
-8.4036,4.6714,2
-10.25,-0.080965,2
-4.5191,-3.4297,2
-8.7019,-4.7226,2
-3.7102,2.206,2
-3.6594,2.3621,2
-5.0089,-1.4288,2
-6.6641,4.0026,2
-9.5612,4.9529,2
-4.4581,-2.0835,2
-4.8061,3.3331,2
-3.8493,2.3895,2
-6.3619,-3.9748,2
-8.5374,4.6424,2
-5.567,3.7252,2
-4.7753,-3.4663,2
-4.3613,-2.7291,2
-5.6424,-1.5395,2
-4.9454,1.506,2
-8.4292,4.6525,2
-4.5197,-3.3213,2
-8.0807,4.5037,2
-8.5909,4.7281,2
-4.0358,-3.1546,2
-9.2957,4.5947,2
-4.3326,2.923,2
-4.6961,-2.9385,2
-9.8926,-4.898,2
-4.1065,-1.594,2
-4.9074,-3.2761,2
-5.6067,-3.6167,2
-3.9144,-2.0905,2
-9.8382,0.17782,2
-6.5899,0.97787,2
-5.8385,1.2094,2
-4.9672,-3.5351,2
-9.1688,0.13635,2
-3.2804,-2.1899,2
-2.9842,-2.3847,2
-7.9627,0.48687,2
-4.1994,2.6373,2
-4.1957,-2.7898,2
-5.0669,1.5521,2
-5.0874,3.5514,2
-5.922,-3.7159,2
-3.7166,-2.8989,2
-4.3216,-1.8735,2
-6.5378,-0.93412,2
-6.7933,0.70878,2
-5.3244,-1.6349,2
-5.5424,1.449,2
-5.9704,3.7965,2
-8.5904,-4.5273,2
-4.6093,-1.3359,2
-7.0766,4.2802,2
-6.4423,-0.88063,2
-9.4373,0.1722,2
-5.1853,1.0373,2
-8.9136,-4.6225,2
